["[{\"p_chain\":[[0.1946,0.3875,0.4179],[0.1866,0.3604,0.453],[0.2512,0.3738,0.3751],[0.199,0.4407,0.3603],[0.2141,0.4026,0.3833],[0.2041,0.4117,0.3842],[0.2337,0.4118,0.3545],[0.229,0.3711,0.4],[0.243,0.3795,0.3775],[0.1891,0.425,0.3859],[0.228,0.3876,0.3844],[0.2442,0.4013,0.3545],[0.2063,0.3998,0.3939],[0.2115,0.4388,0.3497],[0.2168,0.4219,0.3613],[0.2242,0.379,0.3968],[0.1832,0.4131,0.4037],[0.2072,0.4015,0.3913],[0.1838,0.4109,0.4052],[0.1916,0.4131,0.3953],[0.1785,0.4103,0.4112],[0.227,0.3935,0.3795],[0.2068,0.4045,0.3887],[0.2275,0.4046,0.3679],[0.2134,0.3875,0.3991],[0.2118,0.3652,0.423],[0.2303,0.3995,0.3702],[0.2393,0.3718,0.3888],[0.2164,0.3968,0.3868],[0.2146,0.3971,0.3883],[0.219,0.383,0.398],[0.1921,0.4174,0.3905],[0.25,0.3909,0.3591],[0.1979,0.413,0.3891],[0.2035,0.4086,0.3879],[0.2244,0.3992,0.3764],[0.1965,0.4094,0.3941],[0.2272,0.393,0.3798],[0.1981,0.4197,0.3822],[0.2057,0.3864,0.4079],[0.2056,0.4122,0.3822],[0.1841,0.3953,0.4206],[0.2397,0.3883,0.3721],[0.1848,0.3855,0.4297],[0.2224,0.3864,0.3912],[0.1909,0.4202,0.3889],[0.2481,0.3788,0.3731],[0.2235,0.3805,0.396],[0.184,0.4466,0.3694],[0.2048,0.3764,0.4188],[0.238,0.4,0.362],[0.2095,0.4117,0.3788],[0.1818,0.4182,0.4],[0.2043,0.3989,0.3969],[0.2444,0.4097,0.3459],[0.2071,0.4328,0.3601],[0.2006,0.4161,0.3833],[0.2021,0.4223,0.3756],[0.2165,0.3936,0.3899],[0.2158,0.393,0.3911],[0.2508,0.3702,0.3789],[0.2356,0.3864,0.378],[0.2236,0.3932,0.3831],[0.2034,0.4034,0.3932],[0.2275,0.3964,0.3762],[0.1834,0.4002,0.4165],[0.2265,0.3844,0.3891],[0.208,0.4194,0.3725],[0.2096,0.3867,0.4038],[0.1941,0.4413,0.3645],[0.1915,0.4046,0.4039],[0.2008,0.3975,0.4017],[0.2394,0.3623,0.3983],[0.2288,0.3676,0.4036],[0.1848,0.4185,0.3967],[0.2404,0.3775,0.3821],[0.2014,0.419,0.3796],[0.2149,0.3959,0.3892],[0.2092,0.4074,0.3835],[0.2116,0.4034,0.3851],[0.1993,0.4295,0.3712],[0.2212,0.4265,0.3523],[0.1972,0.4064,0.3964],[0.2396,0.4185,0.3419],[0.2519,0.3763,0.3718],[0.2223,0.4054,0.3723],[0.2251,0.4018,0.3731],[0.2192,0.4167,0.3641],[0.2082,0.4197,0.3721],[0.2497,0.4179,0.3324],[0.2089,0.3521,0.439],[0.228,0.3771,0.3949],[0.2187,0.3768,0.4045],[0.2219,0.3633,0.4149],[0.2331,0.3772,0.3897],[0.2526,0.3817,0.3657],[0.2184,0.4025,0.3791],[0.2128,0.3998,0.3874],[0.2004,0.424,0.3757],[0.2196,0.4069,0.3736],[0.2241,0.3766,0.3993],[0.2035,0.4522,0.3443],[0.1933,0.3891,0.4176],[0.2084,0.4249,0.3668],[0.2134,0.3843,0.4023],[0.2199,0.3886,0.3916],[0.2245,0.3822,0.3933],[0.1999,0.3975,0.4026],[0.1992,0.4128,0.388],[0.2279,0.4004,0.3717],[0.2291,0.4188,0.3521],[0.1974,0.3949,0.4077],[0.209,0.3932,0.3978],[0.2057,0.4134,0.3809],[0.2029,0.4157,0.3815],[0.2196,0.4039,0.3765],[0.2215,0.3667,0.4118],[0.22,0.4004,0.3796],[0.2161,0.3567,0.4272],[0.2025,0.4066,0.3909],[0.2169,0.399,0.3841],[0.2243,0.3865,0.3891],[0.2157,0.4173,0.367],[0.2319,0.4316,0.3365],[0.2306,0.4193,0.3501],[0.2053,0.3662,0.4285],[0.1995,0.3829,0.4176],[0.2062,0.3935,0.4003],[0.2034,0.4189,0.3777],[0.2471,0.3924,0.3605],[0.2197,0.3994,0.3809],[0.2284,0.3587,0.4129],[0.249,0.4153,0.3357],[0.2164,0.4237,0.3598],[0.192,0.4266,0.3814],[0.2366,0.39,0.3734],[0.201,0.4267,0.3724],[0.2129,0.4398,0.3473],[0.2392,0.3981,0.3627],[0.2023,0.409,0.3887],[0.2031,0.3743,0.4226],[0.1857,0.3538,0.4606],[0.2109,0.399,0.3901],[0.2281,0.3875,0.3844],[0.216,0.4196,0.3644],[0.227,0.4138,0.3592],[0.2209,0.3681,0.411],[0.2236,0.4166,0.3598],[0.2085,0.3939,0.3976],[0.2483,0.3983,0.3534],[0.2046,0.3843,0.4111],[0.2331,0.4352,0.3317],[0.1947,0.4322,0.3731],[0.1961,0.4142,0.3897],[0.2176,0.4078,0.3746],[0.2099,0.3944,0.3958],[0.2004,0.3952,0.4045],[0.215,0.4052,0.3797],[0.2164,0.3894,0.3942],[0.1999,0.4568,0.3433],[0.1992,0.3915,0.4094],[0.2258,0.3897,0.3845],[0.1874,0.4125,0.4001],[0.1999,0.3561,0.4439],[0.2013,0.4169,0.3818],[0.2157,0.3663,0.4179],[0.1889,0.4076,0.4035],[0.237,0.3978,0.3652],[0.2139,0.3731,0.413],[0.1925,0.3636,0.444],[0.2389,0.4146,0.3465],[0.2193,0.3881,0.3925],[0.2293,0.4044,0.3663],[0.1779,0.44,0.3821],[0.2246,0.387,0.3883],[0.2099,0.4013,0.3888],[0.2098,0.394,0.3962],[0.2341,0.3834,0.3825],[0.1946,0.3978,0.4076],[0.2527,0.3453,0.402],[0.2092,0.3996,0.3912],[0.2419,0.3768,0.3813],[0.2259,0.3926,0.3815],[0.232,0.3809,0.3871],[0.2336,0.3631,0.4033],[0.217,0.3815,0.4014],[0.2053,0.4127,0.382],[0.218,0.3764,0.4056],[0.2037,0.4208,0.3756],[0.1882,0.41,0.4018],[0.2208,0.4034,0.3758],[0.2198,0.3883,0.392],[0.2023,0.439,0.3587],[0.2226,0.4004,0.3769],[0.2418,0.3674,0.3908],[0.2319,0.395,0.3731],[0.2241,0.3765,0.3994],[0.232,0.3829,0.385],[0.2198,0.4536,0.3266],[0.2113,0.4046,0.3841],[0.2349,0.3672,0.3979],[0.2184,0.4,0.3816],[0.2485,0.3582,0.3933],[0.2202,0.4085,0.3713],[0.1936,0.4437,0.3627],[0.2061,0.3877,0.4061],[0.2667,0.3749,0.3584],[0.2225,0.4178,0.3597],[0.1922,0.3986,0.4092],[0.2679,0.3747,0.3574],[0.2275,0.384,0.3884],[0.2232,0.3918,0.385],[0.2133,0.3982,0.3885],[0.2193,0.4013,0.3794],[0.206,0.3817,0.4123],[0.2091,0.3836,0.4073],[0.2526,0.3814,0.3659],[0.2284,0.4021,0.3694],[0.2269,0.4029,0.3702],[0.2278,0.3948,0.3774],[0.2396,0.3393,0.4212],[0.1933,0.4027,0.404],[0.2075,0.3909,0.4016],[0.2027,0.4131,0.3843],[0.2194,0.3746,0.406],[0.2126,0.4036,0.3837],[0.2103,0.4187,0.371],[0.2139,0.4024,0.3837],[0.1949,0.404,0.4011],[0.2215,0.4105,0.368],[0.2248,0.3996,0.3757],[0.2299,0.3942,0.3758],[0.1877,0.4047,0.4075],[0.2073,0.3701,0.4226],[0.2053,0.3838,0.4109],[0.2317,0.3969,0.3714],[0.2314,0.3966,0.372],[0.1925,0.4303,0.3772],[0.2156,0.3969,0.3875],[0.2148,0.3908,0.3945],[0.219,0.3747,0.4063],[0.2087,0.4209,0.3704],[0.1999,0.3863,0.4138],[0.2508,0.3693,0.38],[0.2309,0.4027,0.3665],[0.2304,0.3883,0.3813],[0.2445,0.3989,0.3566],[0.2235,0.4231,0.3535],[0.2453,0.3781,0.3766],[0.2298,0.3917,0.3785],[0.206,0.4004,0.3936],[0.2409,0.3742,0.3849],[0.2082,0.4252,0.3666],[0.2398,0.3908,0.3694],[0.2211,0.3949,0.384],[0.2393,0.4036,0.3571],[0.2358,0.4068,0.3574],[0.224,0.4061,0.3699],[0.2427,0.372,0.3853],[0.2345,0.3979,0.3676],[0.2464,0.3884,0.3652],[0.1985,0.4045,0.3969],[0.2103,0.3884,0.4013],[0.1984,0.4081,0.3935],[0.1919,0.438,0.3701],[0.2223,0.424,0.3536],[0.2529,0.353,0.3941],[0.2149,0.398,0.387],[0.2398,0.3946,0.3656],[0.1952,0.4457,0.3591],[0.2227,0.4045,0.3728],[0.1971,0.4288,0.3741],[0.2002,0.4335,0.3663],[0.2181,0.4001,0.3819],[0.2173,0.4257,0.357],[0.2367,0.3621,0.4012],[0.196,0.4452,0.3588],[0.1948,0.3958,0.4094],[0.2192,0.3866,0.3942],[0.2077,0.4129,0.3795],[0.1784,0.4093,0.4124],[0.1783,0.4344,0.3872],[0.2498,0.339,0.4112],[0.2541,0.3787,0.3672],[0.2559,0.3422,0.4019],[0.1989,0.4151,0.3859],[0.2408,0.3973,0.3619],[0.2343,0.3883,0.3774],[0.2449,0.3828,0.3723],[0.2008,0.3886,0.4105],[0.2348,0.3598,0.4054],[0.22,0.3795,0.4005],[0.219,0.4022,0.3789],[0.2123,0.3894,0.3984],[0.238,0.4005,0.3615],[0.2237,0.3829,0.3934],[0.202,0.4241,0.3739],[0.2064,0.3795,0.4141],[0.2176,0.416,0.3665],[0.2034,0.4091,0.3875],[0.2179,0.3842,0.3979],[0.2209,0.3871,0.392],[0.2029,0.4305,0.3667],[0.2163,0.3617,0.4221],[0.1972,0.4135,0.3893],[0.2086,0.4062,0.3853],[0.1793,0.4202,0.4005],[0.2302,0.3931,0.3767],[0.2047,0.4183,0.377],[0.2471,0.392,0.361],[0.2139,0.4216,0.3645],[0.2116,0.4071,0.3813],[0.2262,0.388,0.3857],[0.207,0.3867,0.4063],[0.2272,0.4012,0.3716],[0.1929,0.3989,0.4081],[0.2094,0.4019,0.3887],[0.2152,0.4117,0.3731],[0.2397,0.4056,0.3547],[0.1976,0.4091,0.3933],[0.2092,0.4107,0.38],[0.2128,0.4117,0.3755],[0.2157,0.3762,0.4082],[0.217,0.4,0.383],[0.2501,0.3245,0.4254],[0.2098,0.3983,0.3918],[0.2173,0.3809,0.4018],[0.196,0.4387,0.3653],[0.2263,0.3933,0.3804],[0.2319,0.3696,0.3986],[0.2264,0.3512,0.4225],[0.2131,0.3756,0.4113],[0.2246,0.4044,0.371],[0.2034,0.3907,0.4059],[0.202,0.4234,0.3746],[0.2495,0.3549,0.3956],[0.2165,0.3783,0.4052],[0.2046,0.4003,0.3951],[0.2095,0.3916,0.3989],[0.2188,0.3981,0.3831],[0.2101,0.4083,0.3816],[0.2317,0.4268,0.3415],[0.2199,0.3855,0.3946],[0.2049,0.3519,0.4432],[0.2136,0.4128,0.3736],[0.2362,0.409,0.3548],[0.2239,0.3781,0.3981],[0.2064,0.4355,0.3581],[0.1877,0.4158,0.3965],[0.2325,0.4032,0.3643],[0.2069,0.4347,0.3584],[0.1914,0.4147,0.3938],[0.1953,0.41,0.3948],[0.2146,0.4079,0.3775],[0.2403,0.4197,0.34],[0.2467,0.3885,0.3649],[0.2072,0.4184,0.3744],[0.2181,0.4102,0.3717],[0.209,0.4524,0.3386],[0.1919,0.4505,0.3576],[0.2061,0.407,0.3869],[0.1843,0.4104,0.4053],[0.2283,0.3747,0.397],[0.2379,0.4008,0.3613],[0.2321,0.418,0.3498],[0.2408,0.3734,0.3858],[0.2186,0.4221,0.3593],[0.1983,0.4069,0.3948],[0.1892,0.3803,0.4305],[0.2117,0.3457,0.4426],[0.2219,0.3921,0.386],[0.2043,0.4219,0.3738],[0.1979,0.4136,0.3885],[0.2168,0.399,0.3843],[0.2049,0.4018,0.3933],[0.2337,0.4006,0.3657],[0.211,0.4138,0.3752],[0.2573,0.3784,0.3644],[0.2518,0.3825,0.3657],[0.2278,0.3969,0.3753],[0.2197,0.3605,0.4198],[0.1917,0.4319,0.3764],[0.224,0.3907,0.3853],[0.2305,0.4003,0.3692],[0.2237,0.3741,0.4022],[0.2068,0.4154,0.3778],[0.2291,0.3582,0.4127],[0.2222,0.4191,0.3587],[0.24,0.3925,0.3675],[0.2084,0.4175,0.3741],[0.2237,0.3875,0.3888],[0.2195,0.3994,0.3812],[0.2508,0.3853,0.3639],[0.1703,0.4067,0.423],[0.2375,0.3659,0.3966],[0.2166,0.391,0.3924],[0.2033,0.4279,0.3688],[0.1806,0.4115,0.4079],[0.2202,0.4319,0.3479],[0.2344,0.4247,0.3408],[0.1782,0.451,0.3708],[0.2275,0.3594,0.4131],[0.1626,0.4445,0.3928],[0.2535,0.3556,0.3909],[0.2126,0.4428,0.3447],[0.2318,0.3814,0.3868],[0.2444,0.3604,0.3952],[0.2187,0.3986,0.3827],[0.1985,0.4237,0.3778],[0.2169,0.4015,0.3817],[0.2276,0.3765,0.3959],[0.2137,0.3685,0.4178],[0.2338,0.3929,0.3733],[0.2182,0.3824,0.3994],[0.2189,0.3712,0.4099],[0.2268,0.3982,0.375],[0.2246,0.3797,0.3957],[0.2287,0.3962,0.3752],[0.2047,0.3774,0.4179],[0.2656,0.3729,0.3615],[0.2071,0.4058,0.3871],[0.2439,0.3509,0.4053],[0.2215,0.401,0.3775],[0.2172,0.428,0.3548],[0.2039,0.4297,0.3664],[0.2418,0.3558,0.4024],[0.2367,0.402,0.3613],[0.2395,0.3773,0.3833],[0.1995,0.4142,0.3863],[0.2215,0.4101,0.3684],[0.2149,0.4031,0.382],[0.2046,0.3862,0.4092],[0.1903,0.4263,0.3833],[0.2006,0.3873,0.4121],[0.2594,0.4008,0.3398],[0.2487,0.3777,0.3736],[0.2114,0.3715,0.4171],[0.1986,0.4404,0.3611],[0.2384,0.3754,0.3861],[0.242,0.398,0.36],[0.2208,0.4198,0.3594],[0.2184,0.4047,0.3769],[0.2075,0.4074,0.3851],[0.2352,0.3777,0.3871],[0.2104,0.4006,0.3889],[0.2184,0.3762,0.4054],[0.1968,0.4092,0.394],[0.2043,0.3968,0.3989],[0.2364,0.4,0.3636],[0.1869,0.3922,0.4209],[0.2431,0.384,0.3729],[0.244,0.3527,0.4033],[0.1934,0.4111,0.3955],[0.1924,0.4267,0.381],[0.247,0.3886,0.3644],[0.2117,0.4207,0.3676],[0.2079,0.4458,0.3463],[0.2162,0.3818,0.4019],[0.2604,0.3729,0.3667],[0.2293,0.4004,0.3704],[0.207,0.4188,0.3742],[0.2327,0.3652,0.4021],[0.2284,0.4275,0.344],[0.1816,0.4054,0.413],[0.2551,0.3763,0.3686],[0.2214,0.4303,0.3483],[0.2089,0.413,0.3781],[0.2168,0.3897,0.3935],[0.2494,0.3746,0.376],[0.1993,0.4355,0.3652],[0.2392,0.3788,0.382],[0.2025,0.3857,0.4118],[0.2144,0.3978,0.3878],[0.2111,0.3846,0.4043],[0.2524,0.377,0.3706],[0.2088,0.4152,0.3759],[0.221,0.3509,0.4281],[0.2247,0.418,0.3573],[0.2142,0.4295,0.3564],[0.2045,0.3672,0.4284],[0.2101,0.3701,0.4198],[0.2274,0.3694,0.4032],[0.2139,0.4033,0.3828],[0.1868,0.4045,0.4087],[0.1896,0.4168,0.3936],[0.212,0.4113,0.3767],[0.2107,0.3713,0.4179],[0.2131,0.3931,0.3938],[0.2013,0.423,0.3757],[0.2251,0.3989,0.376],[0.1969,0.4144,0.3887],[0.1892,0.3841,0.4267],[0.2336,0.4315,0.3348],[0.219,0.4058,0.3753],[0.2211,0.3777,0.4012],[0.2322,0.3704,0.3974],[0.2135,0.4163,0.3702],[0.2239,0.3877,0.3883],[0.2524,0.3673,0.3803],[0.2188,0.4019,0.3794],[0.2242,0.3978,0.378],[0.2041,0.3868,0.4091],[0.2361,0.4073,0.3566],[0.1966,0.423,0.3803],[0.2248,0.4141,0.3611],[0.2319,0.3945,0.3736],[0.2283,0.4025,0.3692],[0.1788,0.4511,0.3701],[0.2067,0.4399,0.3533],[0.1972,0.431,0.3718],[0.213,0.3814,0.4056],[0.239,0.3861,0.3748],[0.2069,0.4152,0.3779],[0.2192,0.4123,0.3686],[0.216,0.3661,0.4179],[0.189,0.3926,0.4184],[0.2264,0.4151,0.3585],[0.2155,0.3912,0.3933],[0.1761,0.3915,0.4325],[0.2025,0.3924,0.4051],[0.2165,0.3664,0.4171],[0.2375,0.3754,0.3871],[0.1993,0.4371,0.3637],[0.2402,0.4187,0.3411],[0.2382,0.4267,0.3351],[0.212,0.4105,0.3774],[0.2256,0.4375,0.3369],[0.21,0.3864,0.4035],[0.2545,0.3978,0.3477],[0.2348,0.3716,0.3935],[0.2281,0.3954,0.3765],[0.2004,0.4061,0.3934],[0.2098,0.3789,0.4113],[0.2213,0.4138,0.3649],[0.22,0.3954,0.3846],[0.2152,0.4184,0.3663],[0.2364,0.3531,0.4105],[0.1984,0.4192,0.3824],[0.2233,0.3996,0.3772],[0.2236,0.4106,0.3659],[0.2209,0.3927,0.3865],[0.1644,0.4491,0.3865],[0.2079,0.3732,0.4189],[0.2506,0.3989,0.3505],[0.2152,0.4223,0.3624],[0.2052,0.3955,0.3994],[0.2193,0.4255,0.3551],[0.1884,0.4001,0.4115],[0.2107,0.4263,0.363],[0.2317,0.4184,0.3499],[0.2212,0.378,0.4008],[0.2249,0.3869,0.3881],[0.2189,0.4013,0.3798],[0.206,0.3937,0.4003],[0.2017,0.4325,0.3657],[0.2396,0.3611,0.3994],[0.2093,0.4065,0.3842],[0.2027,0.4479,0.3494],[0.2182,0.3789,0.4028],[0.2022,0.4414,0.3564],[0.2284,0.4245,0.3471],[0.1965,0.4359,0.3676],[0.2615,0.383,0.3555],[0.2036,0.3924,0.404],[0.2263,0.4029,0.3708],[0.216,0.4362,0.3478],[0.2018,0.4161,0.3821],[0.2152,0.3667,0.4181],[0.2526,0.4062,0.3412],[0.1986,0.3782,0.4232],[0.2206,0.4173,0.3621],[0.1951,0.4031,0.4018],[0.2372,0.3726,0.3902],[0.2219,0.4161,0.3621],[0.2019,0.4284,0.3697],[0.2047,0.3985,0.3968],[0.2222,0.3676,0.4102],[0.225,0.398,0.377],[0.2337,0.3631,0.4033],[0.2155,0.4065,0.378],[0.2425,0.3992,0.3582],[0.2334,0.3476,0.4191],[0.2013,0.4132,0.3854],[0.2067,0.4359,0.3574],[0.1988,0.403,0.3982],[0.2131,0.4063,0.3806],[0.2188,0.3509,0.4303],[0.2,0.4157,0.3843],[0.2374,0.3596,0.403],[0.2247,0.3834,0.3918],[0.2225,0.4038,0.3737],[0.2274,0.4125,0.3601],[0.2388,0.3674,0.3938],[0.2181,0.3844,0.3975],[0.2039,0.3849,0.4112],[0.2253,0.4219,0.3528],[0.2141,0.3875,0.3984],[0.2022,0.3777,0.4201],[0.2313,0.371,0.3976],[0.2174,0.3976,0.385],[0.2345,0.3989,0.3666],[0.2196,0.4204,0.3599],[0.2016,0.4097,0.3887],[0.2332,0.3557,0.4111],[0.2262,0.3935,0.3803],[0.2525,0.37,0.3775],[0.218,0.3861,0.396],[0.2325,0.3816,0.3859],[0.2131,0.4258,0.3611],[0.1908,0.3977,0.4115],[0.2163,0.4359,0.3478],[0.1938,0.4189,0.3872],[0.2156,0.4177,0.3667],[0.2273,0.4007,0.3719],[0.1968,0.4061,0.3972],[0.2089,0.3925,0.3986],[0.2121,0.3874,0.4005],[0.1876,0.3842,0.4281],[0.2113,0.4015,0.3872],[0.2306,0.3906,0.3788],[0.204,0.4082,0.3878],[0.2341,0.4183,0.3476],[0.1939,0.3998,0.4064],[0.2447,0.4041,0.3512],[0.2257,0.3782,0.3961],[0.1898,0.405,0.4052],[0.2197,0.3696,0.4107],[0.2158,0.3524,0.4318],[0.2626,0.3718,0.3657],[0.222,0.3604,0.4176],[0.2427,0.3689,0.3884],[0.2659,0.3839,0.3502],[0.2093,0.3938,0.3969],[0.2149,0.3982,0.3869],[0.2084,0.3861,0.4055],[0.2238,0.4371,0.3391],[0.2254,0.3975,0.3771],[0.2044,0.4185,0.3771],[0.1889,0.4118,0.3993],[0.2208,0.4112,0.368],[0.1986,0.4026,0.3988],[0.2499,0.3713,0.3788],[0.215,0.3969,0.3881],[0.1999,0.4423,0.3579],[0.2085,0.4061,0.3854],[0.1989,0.4094,0.3916],[0.206,0.4019,0.3921],[0.1933,0.4134,0.3933],[0.1857,0.388,0.4263],[0.186,0.4068,0.4072],[0.2221,0.4123,0.3655],[0.1857,0.3981,0.4162],[0.2144,0.4304,0.3553],[0.2284,0.3973,0.3742],[0.1984,0.4055,0.3961],[0.2463,0.3695,0.3842],[0.1778,0.4365,0.3857],[0.18,0.4225,0.3975],[0.2048,0.4191,0.3761],[0.2328,0.3937,0.3735],[0.2309,0.3403,0.4287],[0.2262,0.3507,0.4231],[0.2143,0.4165,0.3692],[0.2168,0.3881,0.3951],[0.2264,0.3806,0.3929],[0.2116,0.4215,0.3669],[0.2316,0.3695,0.3989],[0.2005,0.3988,0.4008],[0.2118,0.3848,0.4034],[0.2565,0.3924,0.3512],[0.2683,0.3804,0.3513],[0.2099,0.4007,0.3893],[0.2475,0.3445,0.408],[0.2397,0.3738,0.3865],[0.202,0.4342,0.3638],[0.2225,0.4152,0.3623],[0.2386,0.4054,0.356],[0.2334,0.386,0.3806],[0.2164,0.4024,0.3812],[0.2401,0.4309,0.3289],[0.232,0.3833,0.3847],[0.2468,0.3889,0.3643],[0.2237,0.3763,0.4],[0.2326,0.3875,0.3799],[0.1961,0.3833,0.4206],[0.1847,0.4056,0.4097],[0.2157,0.398,0.3863],[0.2258,0.3888,0.3854],[0.2167,0.4221,0.3612],[0.2112,0.3676,0.4212],[0.2052,0.4419,0.3529],[0.2094,0.3727,0.4179],[0.2252,0.3755,0.3993],[0.2035,0.4284,0.368],[0.2091,0.3954,0.3955],[0.1814,0.4209,0.3977],[0.2314,0.3732,0.3954],[0.2028,0.3859,0.4113],[0.209,0.3833,0.4077],[0.2101,0.4167,0.3732],[0.1803,0.4041,0.4156],[0.1873,0.4002,0.4124],[0.2143,0.4051,0.3805],[0.233,0.4383,0.3287],[0.1969,0.4276,0.3755],[0.2254,0.3904,0.3842],[0.1971,0.4132,0.3898],[0.2273,0.3869,0.3858],[0.1761,0.3828,0.441],[0.1973,0.4123,0.3904],[0.1875,0.4261,0.3865],[0.2254,0.3775,0.3971],[0.1957,0.4167,0.3876],[0.2153,0.4396,0.3451],[0.2257,0.3402,0.4341],[0.2352,0.4093,0.3555],[0.2265,0.3884,0.385],[0.202,0.3953,0.4027],[0.2249,0.4261,0.3489],[0.2198,0.4126,0.3676],[0.2127,0.4003,0.387],[0.227,0.4167,0.3563],[0.209,0.4038,0.3872],[0.2035,0.3956,0.4009],[0.2128,0.387,0.4002],[0.2215,0.4028,0.3757],[0.1976,0.4113,0.3911],[0.2412,0.3772,0.3817],[0.2038,0.3863,0.41],[0.2187,0.3681,0.4133],[0.239,0.3859,0.3751],[0.256,0.3621,0.3819],[0.2183,0.3814,0.4003],[0.1914,0.3734,0.4353],[0.23,0.369,0.4009],[0.2355,0.4034,0.3611],[0.2277,0.4179,0.3544],[0.1953,0.4124,0.3923],[0.2013,0.3983,0.4004],[0.2301,0.4121,0.3578],[0.2376,0.3846,0.3778],[0.2036,0.3924,0.4039],[0.2217,0.3906,0.3877],[0.2242,0.4136,0.3622],[0.265,0.3289,0.4061],[0.2157,0.3817,0.4026],[0.2105,0.4164,0.3731],[0.2325,0.4068,0.3607],[0.2536,0.3722,0.3742],[0.2354,0.3797,0.385],[0.2292,0.3749,0.396],[0.2047,0.4285,0.3668],[0.2164,0.3802,0.4034],[0.2121,0.4323,0.3556],[0.2119,0.4019,0.3862],[0.2312,0.387,0.3818],[0.2183,0.4211,0.3605],[0.2149,0.3839,0.4011],[0.2296,0.39,0.3804],[0.2204,0.4424,0.3372],[0.1768,0.4075,0.4157],[0.2184,0.3937,0.3879],[0.2244,0.4371,0.3385],[0.1892,0.406,0.4048],[0.1906,0.4102,0.3993],[0.1963,0.4061,0.3976],[0.2203,0.3695,0.4103],[0.2111,0.3895,0.3994],[0.2456,0.4093,0.3451],[0.2493,0.3868,0.3639],[0.18,0.427,0.393],[0.206,0.4103,0.3837],[0.1951,0.4127,0.3921],[0.2028,0.4347,0.3625],[0.2175,0.4112,0.3712],[0.1971,0.3984,0.4045],[0.2148,0.3973,0.3879],[0.2502,0.3591,0.3907],[0.1988,0.4179,0.3834],[0.2313,0.3925,0.3762],[0.2354,0.3993,0.3653],[0.223,0.4109,0.3661],[0.2202,0.4089,0.3709],[0.1944,0.3768,0.4288],[0.2069,0.4048,0.3883],[0.1955,0.4261,0.3784],[0.215,0.382,0.403],[0.1934,0.4053,0.4014],[0.1946,0.4302,0.3752],[0.2479,0.3913,0.3607],[0.2178,0.4057,0.3765],[0.216,0.4109,0.3731],[0.248,0.3941,0.3579],[0.2325,0.362,0.4054],[0.2092,0.3875,0.4033],[0.2248,0.4248,0.3504],[0.2276,0.4095,0.3628],[0.2183,0.4092,0.3725],[0.2142,0.418,0.3678],[0.2341,0.4193,0.3466],[0.2353,0.4085,0.3562],[0.2196,0.3994,0.381],[0.2455,0.3745,0.38],[0.2033,0.4546,0.3421],[0.2216,0.386,0.3924],[0.2442,0.3792,0.3767],[0.2091,0.4204,0.3705],[0.1923,0.4096,0.3982],[0.2147,0.38,0.4053],[0.2285,0.4352,0.3363],[0.1835,0.4483,0.3682],[0.2474,0.386,0.3666],[0.235,0.386,0.379],[0.2313,0.3512,0.4174],[0.2416,0.3635,0.3949],[0.1875,0.4011,0.4115],[0.2006,0.3786,0.4207],[0.1994,0.4096,0.391],[0.1854,0.4509,0.3637],[0.2026,0.3798,0.4176],[0.2178,0.4094,0.3728],[0.1976,0.4311,0.3713],[0.2258,0.4209,0.3533],[0.1928,0.4354,0.3717],[0.2283,0.4233,0.3484],[0.2467,0.4027,0.3506],[0.2063,0.4063,0.3874],[0.1938,0.3894,0.4168],[0.183,0.3877,0.4293],[0.2097,0.4195,0.3708],[0.2383,0.3707,0.391],[0.2389,0.3735,0.3876],[0.2143,0.3483,0.4374],[0.2802,0.359,0.3608],[0.2525,0.3928,0.3547],[0.2285,0.4067,0.3648],[0.2338,0.3725,0.3937],[0.1773,0.3608,0.4619],[0.231,0.388,0.381],[0.2442,0.3783,0.3775],[0.2033,0.4196,0.3771],[0.2468,0.4142,0.339],[0.2229,0.4088,0.3683],[0.2054,0.3753,0.4193],[0.1713,0.4037,0.4249],[0.2134,0.4076,0.379],[0.2046,0.4037,0.3917],[0.254,0.3699,0.3761],[0.2174,0.3984,0.3842],[0.1927,0.365,0.4423],[0.2047,0.4027,0.3926],[0.2641,0.3704,0.3655],[0.2335,0.4013,0.3653],[0.2183,0.3885,0.3933],[0.2017,0.4009,0.3974],[0.2247,0.4009,0.3744],[0.2281,0.4026,0.3693],[0.1959,0.4024,0.4017],[0.2287,0.3948,0.3765],[0.233,0.4316,0.3354],[0.2057,0.3897,0.4046],[0.2234,0.3891,0.3875],[0.1982,0.4066,0.3953],[0.2112,0.4008,0.388],[0.2036,0.3964,0.4],[0.2268,0.4064,0.3668],[0.208,0.3952,0.3968],[0.2205,0.386,0.3935],[0.2322,0.3705,0.3973],[0.1937,0.4119,0.3944],[0.2205,0.418,0.3615],[0.237,0.3909,0.3721],[0.2097,0.3814,0.4089],[0.241,0.3599,0.3991],[0.1744,0.4131,0.4126],[0.2245,0.3864,0.3892],[0.2216,0.4175,0.3609],[0.2239,0.4135,0.3626],[0.1872,0.4103,0.4025],[0.2031,0.4186,0.3783],[0.1948,0.3965,0.4088],[0.2129,0.4386,0.3485],[0.2421,0.3898,0.3681],[0.2113,0.4137,0.3751],[0.2409,0.3672,0.3919],[0.2457,0.3894,0.3649],[0.1845,0.4196,0.3958],[0.1964,0.4209,0.3828],[0.2111,0.4188,0.3701],[0.2196,0.404,0.3764],[0.2004,0.42,0.3796],[0.2168,0.4032,0.38],[0.1917,0.4235,0.3848],[0.2112,0.4351,0.3537],[0.2136,0.393,0.3934],[0.2074,0.3666,0.4261],[0.2436,0.3757,0.3807],[0.2202,0.3841,0.3957],[0.2271,0.4081,0.3648],[0.2513,0.3787,0.3701],[0.2221,0.4418,0.3361],[0.2168,0.3907,0.3925],[0.2153,0.3765,0.4082],[0.1851,0.3776,0.4373],[0.23,0.408,0.362],[0.2102,0.4114,0.3784],[0.195,0.4176,0.3874],[0.2347,0.3941,0.3712],[0.2251,0.3867,0.3882],[0.2121,0.4319,0.356],[0.2386,0.3926,0.3688],[0.2538,0.3466,0.3996],[0.2493,0.373,0.3777],[0.2212,0.4163,0.3624],[0.2218,0.4036,0.3746],[0.2094,0.4094,0.3812],[0.197,0.4383,0.3647],[0.2288,0.4071,0.3641],[0.2028,0.4059,0.3913],[0.2091,0.3679,0.4229],[0.1887,0.414,0.3973],[0.239,0.4206,0.3404],[0.2362,0.3986,0.3653],[0.223,0.3966,0.3805],[0.2062,0.456,0.3378],[0.2152,0.415,0.3698],[0.2126,0.4271,0.3603],[0.2021,0.3768,0.4211],[0.1992,0.3962,0.4047],[0.2403,0.3633,0.3965],[0.2342,0.382,0.3838],[0.2409,0.3347,0.4244],[0.2045,0.383,0.4125],[0.187,0.4448,0.3682],[0.2347,0.3887,0.3766],[0.2028,0.4038,0.3933],[0.2034,0.4366,0.36],[0.2276,0.3622,0.4102],[0.2097,0.3914,0.3989],[0.2023,0.371,0.4266],[0.1804,0.4391,0.3805],[0.2173,0.4184,0.3642],[0.2018,0.3999,0.3982],[0.2156,0.4338,0.3506],[0.215,0.395,0.39],[0.2428,0.3948,0.3624],[0.2175,0.3896,0.3928],[0.2229,0.3741,0.403],[0.2327,0.3745,0.3928],[0.2128,0.4221,0.3651],[0.2489,0.3821,0.3691],[0.2172,0.4239,0.3589],[0.2201,0.3662,0.4137],[0.2294,0.4023,0.3684],[0.2082,0.3942,0.3976],[0.2197,0.4184,0.3619],[0.2446,0.3898,0.3657],[0.2381,0.377,0.3848],[0.1976,0.3691,0.4333],[0.225,0.3895,0.3855],[0.2043,0.4106,0.3851],[0.1973,0.4084,0.3943],[0.2012,0.3967,0.4021],[0.2095,0.3789,0.4116],[0.2381,0.4099,0.352],[0.1906,0.4425,0.3669],[0.1824,0.4249,0.3927],[0.1845,0.4415,0.374],[0.2092,0.4063,0.3845],[0.225,0.4052,0.3698],[0.2425,0.3835,0.374],[0.2166,0.3811,0.4023],[0.1963,0.4589,0.3449],[0.2186,0.3875,0.3939],[0.2258,0.4125,0.3617],[0.2237,0.3819,0.3944],[0.227,0.3899,0.3831],[0.2097,0.4083,0.382],[0.2101,0.384,0.4059],[0.2036,0.379,0.4174],[0.1985,0.4514,0.3501],[0.2337,0.3781,0.3883],[0.1693,0.4488,0.3819],[0.2252,0.4214,0.3534],[0.2173,0.397,0.3857],[0.2164,0.4045,0.3791],[0.2391,0.3919,0.3689],[0.1919,0.4135,0.3946],[0.1957,0.4347,0.3696],[0.2393,0.3855,0.3752],[0.2263,0.3803,0.3934],[0.2226,0.396,0.3813],[0.2291,0.4009,0.3701],[0.2332,0.4018,0.365],[0.211,0.3843,0.4047],[0.2126,0.4093,0.3782],[0.1942,0.3783,0.4275],[0.2084,0.4304,0.3612],[0.2557,0.4059,0.3385],[0.2073,0.4231,0.3696],[0.2262,0.3971,0.3767],[0.2068,0.4088,0.3844],[0.2223,0.419,0.3587],[0.2203,0.4306,0.3491],[0.2407,0.4088,0.3505],[0.1955,0.3937,0.4107],[0.2341,0.3962,0.3697],[0.2609,0.3423,0.3968],[0.2255,0.3768,0.3976],[0.2213,0.3912,0.3875],[0.2322,0.3846,0.3832],[0.2472,0.3804,0.3723],[0.249,0.3651,0.3859],[0.2422,0.3837,0.3742],[0.2495,0.375,0.3755],[0.2186,0.3882,0.3933],[0.2508,0.4032,0.346],[0.2078,0.4014,0.3908],[0.2146,0.4101,0.3752],[0.2506,0.3678,0.3816],[0.1835,0.4133,0.4032],[0.2157,0.3996,0.3847],[0.2163,0.3946,0.3891],[0.2206,0.3922,0.3872],[0.2473,0.3889,0.3637],[0.2156,0.3827,0.4017],[0.2004,0.4021,0.3975],[0.2193,0.3879,0.3929],[0.2069,0.409,0.3841],[0.1981,0.4234,0.3785],[0.2193,0.375,0.4057],[0.2339,0.3935,0.3726],[0.2473,0.3969,0.3559],[0.1726,0.4202,0.4072],[0.2264,0.4177,0.3559],[0.2349,0.3898,0.3753],[0.2201,0.3818,0.3982],[0.219,0.4082,0.3728],[0.2659,0.4051,0.3291],[0.2468,0.3693,0.3839],[0.2098,0.4138,0.3764],[0.2058,0.4137,0.3805],[0.2238,0.3958,0.3804],[0.2226,0.4045,0.3729],[0.2201,0.3955,0.3844],[0.2127,0.42,0.3673],[0.2411,0.4023,0.3566],[0.2104,0.4058,0.3838],[0.204,0.3882,0.4079],[0.1976,0.4099,0.3925],[0.2147,0.4174,0.3679],[0.2034,0.4074,0.3892],[0.1954,0.4369,0.3678],[0.2244,0.3908,0.3848],[0.2035,0.4068,0.3897],[0.2232,0.3853,0.3915],[0.2425,0.4201,0.3373],[0.2482,0.4014,0.3504],[0.2058,0.4145,0.3796],[0.2129,0.3715,0.4156],[0.2213,0.372,0.4067],[0.2143,0.4342,0.3515],[0.1825,0.434,0.3834],[0.2288,0.3926,0.3786],[0.2008,0.3965,0.4027],[0.2339,0.3645,0.4017],[0.2195,0.395,0.3855],[0.2152,0.4363,0.3485],[0.2321,0.3692,0.3988],[0.2155,0.3919,0.3926],[0.2134,0.37,0.4166],[0.2243,0.399,0.3767],[0.2487,0.3831,0.3682],[0.2428,0.393,0.3642],[0.2045,0.4028,0.3928],[0.1945,0.4232,0.3824],[0.2309,0.4196,0.3495],[0.26,0.3528,0.3872],[0.2051,0.4008,0.3941],[0.2074,0.4251,0.3675],[0.1985,0.3843,0.4171],[0.2555,0.358,0.3866],[0.2414,0.3891,0.3694],[0.2062,0.446,0.3478],[0.2115,0.4132,0.3753],[0.2119,0.4139,0.3742],[0.2268,0.3962,0.377],[0.2072,0.4011,0.3917],[0.2093,0.3881,0.4026],[0.1781,0.4488,0.3731],[0.2363,0.3933,0.3704],[0.2131,0.4139,0.3729],[0.2003,0.3551,0.4446],[0.2024,0.4055,0.3921],[0.1976,0.4216,0.3808],[0.2281,0.3836,0.3884],[0.2081,0.4265,0.3655],[0.2055,0.3966,0.3979],[0.1994,0.3936,0.407],[0.2079,0.3845,0.4076],[0.1793,0.4048,0.4159],[0.1985,0.3606,0.4409],[0.2137,0.3854,0.4009],[0.2011,0.3958,0.4031],[0.2218,0.4245,0.3537],[0.2215,0.417,0.3615],[0.2428,0.4343,0.3229],[0.2142,0.4055,0.3802],[0.2192,0.3827,0.3982],[0.237,0.3957,0.3673],[0.2451,0.3426,0.4123],[0.2114,0.3973,0.3913],[0.2343,0.4062,0.3595],[0.2407,0.3706,0.3887],[0.228,0.4111,0.3609],[0.1997,0.4261,0.3741],[0.2359,0.4,0.3641],[0.204,0.4257,0.3703],[0.2046,0.4156,0.3798],[0.2057,0.3937,0.4006],[0.2276,0.404,0.3684],[0.2413,0.4103,0.3484],[0.2357,0.4047,0.3596],[0.208,0.3936,0.3985],[0.2052,0.4085,0.3863],[0.2486,0.397,0.3543],[0.2325,0.3657,0.4018],[0.1835,0.4405,0.3761],[0.2293,0.4043,0.3664],[0.2186,0.4202,0.3612],[0.2224,0.3806,0.397],[0.2108,0.3802,0.4089],[0.2125,0.3875,0.4],[0.2138,0.3775,0.4087],[0.2062,0.3978,0.396],[0.2395,0.4069,0.3536],[0.2126,0.4038,0.3835],[0.1945,0.4206,0.3849],[0.2124,0.3998,0.3878],[0.2206,0.382,0.3974],[0.215,0.4096,0.3754],[0.2357,0.4177,0.3465],[0.2305,0.4123,0.3572],[0.2161,0.3972,0.3867],[0.2006,0.4168,0.3826],[0.2198,0.3936,0.3866],[0.2305,0.3942,0.3753],[0.2518,0.3515,0.3967],[0.2083,0.4272,0.3645],[0.2043,0.4183,0.3774],[0.1895,0.4187,0.3918],[0.2148,0.3965,0.3887],[0.2149,0.4068,0.3783],[0.2091,0.3753,0.4156],[0.2194,0.4421,0.3385],[0.1993,0.4049,0.3958],[0.2092,0.4259,0.3649],[0.2058,0.3939,0.4003],[0.2049,0.4168,0.3783],[0.2413,0.3963,0.3625],[0.2392,0.3863,0.3745],[0.2304,0.4182,0.3513],[0.2336,0.3981,0.3683],[0.2262,0.3781,0.3957],[0.2275,0.4046,0.3679],[0.2138,0.3616,0.4246],[0.2063,0.372,0.4217],[0.1846,0.4221,0.3933],[0.2366,0.3988,0.3646],[0.2276,0.4272,0.3452],[0.235,0.3994,0.3656],[0.2071,0.3825,0.4104],[0.2166,0.3889,0.3945],[0.2243,0.385,0.3907],[0.1975,0.4155,0.387],[0.2385,0.4183,0.3432],[0.2221,0.4057,0.3722],[0.2269,0.4078,0.3653],[0.1912,0.4309,0.3778],[0.2182,0.4225,0.3593],[0.2302,0.3681,0.4017],[0.2401,0.3591,0.4007],[0.253,0.373,0.374],[0.215,0.4162,0.3687],[0.213,0.4311,0.3558],[0.2457,0.411,0.3433],[0.25,0.3856,0.3644],[0.2578,0.3764,0.3658],[0.1796,0.4178,0.4026],[0.2209,0.4298,0.3493],[0.2084,0.422,0.3696],[0.2343,0.3791,0.3866],[0.2442,0.4224,0.3334],[0.2261,0.4095,0.3644],[0.2341,0.4043,0.3616],[0.2234,0.3836,0.393],[0.2386,0.3858,0.3756],[0.1982,0.3782,0.4237],[0.2164,0.3694,0.4142],[0.1959,0.4514,0.3526],[0.2422,0.4342,0.3236],[0.2467,0.4011,0.3522],[0.2266,0.4192,0.3542],[0.2133,0.4066,0.3801],[0.1967,0.3997,0.4036],[0.2047,0.4101,0.3852],[0.1875,0.4284,0.3841],[0.2015,0.3924,0.4061],[0.1844,0.4127,0.4029],[0.1921,0.39,0.4179],[0.2377,0.3796,0.3827],[0.2258,0.3881,0.3861],[0.2327,0.3748,0.3925],[0.2424,0.3993,0.3583],[0.1911,0.4043,0.4046],[0.1982,0.4328,0.369],[0.2149,0.4151,0.37],[0.223,0.3871,0.3899],[0.2244,0.4098,0.3658],[0.2285,0.3871,0.3843],[0.2214,0.3887,0.3898],[0.2238,0.4105,0.3657],[0.1922,0.4273,0.3805],[0.2312,0.4167,0.3521],[0.2043,0.4119,0.3838],[0.2584,0.3821,0.3595],[0.1875,0.4223,0.3902],[0.2072,0.3905,0.4023],[0.2506,0.3694,0.3801],[0.2169,0.4055,0.3776],[0.2214,0.3985,0.38],[0.2111,0.4317,0.3572],[0.2246,0.3926,0.3828],[0.2151,0.3591,0.4258],[0.2229,0.3769,0.4001],[0.2074,0.3604,0.4322],[0.1903,0.3896,0.4201],[0.2336,0.3791,0.3873],[0.2118,0.3774,0.4108],[0.2182,0.3938,0.3879],[0.2007,0.4168,0.3825],[0.2089,0.4449,0.3461],[0.2243,0.4112,0.3644],[0.1873,0.4011,0.4116],[0.2406,0.3843,0.3752],[0.1914,0.4468,0.3617],[0.2445,0.3821,0.3734],[0.2392,0.4241,0.3367],[0.2059,0.4127,0.3813],[0.2148,0.4276,0.3576],[0.248,0.3902,0.3618],[0.2162,0.3856,0.3982],[0.2204,0.3803,0.3993],[0.219,0.4082,0.3728],[0.1946,0.4053,0.4001],[0.2068,0.3932,0.4],[0.2418,0.3995,0.3587],[0.2475,0.3911,0.3615],[0.2171,0.3981,0.3848],[0.277,0.3315,0.3915],[0.2222,0.4014,0.3764],[0.2294,0.3693,0.4013],[0.2412,0.3918,0.367],[0.2353,0.3768,0.3879],[0.2078,0.4096,0.3826],[0.2071,0.3806,0.4123],[0.1932,0.4097,0.3971],[0.2249,0.406,0.3691],[0.1986,0.4144,0.3871],[0.1965,0.3846,0.4189],[0.2196,0.3938,0.3866],[0.2085,0.3783,0.4131],[0.2348,0.3824,0.3828],[0.2122,0.3923,0.3954],[0.2176,0.3494,0.433],[0.2166,0.3997,0.3837],[0.2194,0.4117,0.3689],[0.1999,0.4174,0.3827],[0.1953,0.4287,0.3759],[0.1956,0.4187,0.3857],[0.1824,0.3845,0.433],[0.2009,0.4088,0.3903],[0.2377,0.3941,0.3682],[0.2151,0.4228,0.3621],[0.2025,0.4336,0.3639],[0.2279,0.3818,0.3902],[0.214,0.416,0.37],[0.2014,0.4307,0.3679],[0.2184,0.3759,0.4056],[0.2228,0.4039,0.3733],[0.2383,0.3785,0.3832],[0.2149,0.403,0.3822],[0.2369,0.4081,0.355],[0.1836,0.4149,0.4015],[0.2194,0.4299,0.3507],[0.1893,0.4111,0.3997],[0.2291,0.4096,0.3613],[0.208,0.3839,0.4081],[0.2088,0.386,0.4052],[0.209,0.4202,0.3708],[0.2107,0.4243,0.365],[0.2329,0.3692,0.3979],[0.2384,0.3998,0.3618],[0.2244,0.3907,0.3849],[0.2109,0.3565,0.4327],[0.2281,0.3481,0.4238],[0.212,0.4168,0.3712],[0.2286,0.4149,0.3565],[0.2057,0.4237,0.3706],[0.2289,0.4089,0.3622],[0.2533,0.3879,0.3587],[0.2429,0.3773,0.3799],[0.1994,0.4265,0.3741],[0.228,0.359,0.413],[0.2177,0.4039,0.3784],[0.2001,0.4351,0.3648],[0.204,0.3808,0.4152],[0.2055,0.388,0.4065],[0.2449,0.4038,0.3513],[0.2452,0.3861,0.3687],[0.2302,0.4111,0.3587],[0.2061,0.425,0.3689],[0.2259,0.3611,0.413],[0.2328,0.4328,0.3343],[0.2113,0.3809,0.4078],[0.238,0.4138,0.3482],[0.2237,0.3993,0.377],[0.2324,0.4019,0.3657],[0.1874,0.4126,0.4001],[0.2168,0.3877,0.3955],[0.2191,0.3802,0.4007],[0.2218,0.3883,0.3899],[0.2073,0.4141,0.3786],[0.1863,0.4335,0.3802],[0.1981,0.3999,0.402],[0.2015,0.4214,0.3772],[0.2141,0.3632,0.4227],[0.208,0.4092,0.3828],[0.2204,0.3864,0.3932],[0.2151,0.4044,0.3805],[0.2185,0.4105,0.3711],[0.1987,0.4028,0.3985],[0.2374,0.4038,0.3587],[0.243,0.3755,0.3816],[0.2413,0.3903,0.3684],[0.2152,0.4107,0.3741],[0.1957,0.4316,0.3727],[0.231,0.4063,0.3627],[0.2429,0.3829,0.3742],[0.212,0.3847,0.4033],[0.2328,0.3788,0.3884],[0.1905,0.4461,0.3634],[0.2097,0.393,0.3973],[0.2196,0.4104,0.3701],[0.2128,0.3857,0.4014],[0.2016,0.419,0.3794],[0.2088,0.4153,0.3759],[0.1983,0.3832,0.4184],[0.2009,0.4028,0.3963],[0.2244,0.3842,0.3914],[0.2409,0.359,0.4002],[0.2139,0.3933,0.3928],[0.2247,0.411,0.3643],[0.2224,0.3611,0.4165],[0.2095,0.3983,0.3922],[0.2147,0.403,0.3823],[0.2099,0.3979,0.3922],[0.1974,0.3954,0.4072],[0.1925,0.4222,0.3854],[0.1843,0.4435,0.3722],[0.2288,0.3834,0.3879],[0.2288,0.3847,0.3865],[0.1989,0.4019,0.3992],[0.2217,0.41,0.3684],[0.2303,0.3965,0.3732],[0.2071,0.4529,0.34],[0.1973,0.3973,0.4054],[0.2102,0.4092,0.3806],[0.2175,0.4162,0.3663],[0.1951,0.4135,0.3914],[0.2799,0.3775,0.3426],[0.211,0.3847,0.4043],[0.2108,0.4056,0.3837],[0.2215,0.4102,0.3683],[0.2144,0.391,0.3946],[0.2498,0.3709,0.3794],[0.2054,0.4078,0.3868],[0.2015,0.4,0.3985],[0.2421,0.4064,0.3515],[0.197,0.4308,0.3722],[0.208,0.4057,0.3864],[0.2087,0.4097,0.3816],[0.2092,0.4033,0.3875],[0.2318,0.3956,0.3725],[0.1978,0.4067,0.3955],[0.2501,0.42,0.3299],[0.1833,0.4467,0.37],[0.2357,0.3677,0.3966],[0.1985,0.42,0.3815],[0.1788,0.3993,0.4219],[0.2089,0.3815,0.4096],[0.2045,0.4246,0.3709],[0.234,0.3904,0.3756],[0.2082,0.4059,0.3859],[0.2382,0.3909,0.3709],[0.226,0.3751,0.3989],[0.2031,0.3958,0.4012],[0.1826,0.4153,0.4021],[0.2418,0.3799,0.3783],[0.1996,0.4086,0.3918],[0.2149,0.3867,0.3984],[0.2219,0.4081,0.3699],[0.2263,0.3733,0.4005],[0.2113,0.4213,0.3674],[0.2372,0.3493,0.4135],[0.2181,0.3968,0.3851],[0.2098,0.4128,0.3774],[0.2029,0.4404,0.3567],[0.2158,0.3477,0.4365],[0.2209,0.4144,0.3647],[0.2388,0.4005,0.3607],[0.2497,0.3867,0.3636],[0.188,0.3847,0.4273],[0.2017,0.3937,0.4046],[0.246,0.3643,0.3897],[0.1975,0.4054,0.3971],[0.1868,0.418,0.3952],[0.2174,0.4295,0.3531],[0.2461,0.3788,0.3751],[0.2205,0.4127,0.3668],[0.1801,0.4157,0.4042],[0.2071,0.4051,0.3878],[0.2146,0.3644,0.4211],[0.2026,0.423,0.3744],[0.2322,0.4049,0.3629],[0.2451,0.3767,0.3782],[0.2369,0.4,0.3631],[0.2216,0.4027,0.3757],[0.2189,0.4136,0.3675],[0.2051,0.4102,0.3847],[0.2223,0.4003,0.3773],[0.2097,0.4261,0.3642],[0.2308,0.3688,0.4004],[0.2363,0.3878,0.3759],[0.2164,0.3896,0.394],[0.211,0.3889,0.4001],[0.2491,0.3799,0.371],[0.2338,0.4119,0.3544],[0.241,0.3809,0.3781],[0.2026,0.3926,0.4048],[0.2144,0.4081,0.3775],[0.201,0.3991,0.4],[0.2445,0.4148,0.3407],[0.2664,0.3516,0.3821],[0.2199,0.4126,0.3674],[0.2249,0.4035,0.3716],[0.1989,0.3974,0.4037],[0.2377,0.3731,0.3892],[0.2376,0.3832,0.3792],[0.1925,0.3685,0.439],[0.2122,0.4172,0.3706],[0.259,0.3854,0.3556],[0.2195,0.383,0.3975],[0.2073,0.3922,0.4005],[0.2402,0.4125,0.3473],[0.2204,0.4015,0.3781],[0.2409,0.3947,0.3643],[0.2004,0.4103,0.3893],[0.2084,0.3734,0.4182],[0.2209,0.4157,0.3634],[0.2303,0.3759,0.3938],[0.2319,0.3567,0.4114],[0.1884,0.421,0.3906],[0.2135,0.4156,0.3709],[0.2168,0.3857,0.3975],[0.2209,0.3818,0.3973],[0.251,0.3939,0.3551],[0.2054,0.4218,0.3728],[0.2322,0.368,0.3998],[0.2056,0.4214,0.373],[0.2216,0.3951,0.3833],[0.2007,0.4137,0.3856],[0.2266,0.4207,0.3528],[0.2114,0.4019,0.3866],[0.2057,0.4143,0.38],[0.227,0.3748,0.3982],[0.2307,0.3783,0.3909],[0.2096,0.3753,0.415],[0.2139,0.412,0.3741],[0.2276,0.3943,0.3781],[0.2203,0.4416,0.3381],[0.2324,0.3732,0.3944],[0.2035,0.3917,0.4048],[0.2288,0.3848,0.3864],[0.195,0.4279,0.377],[0.2181,0.3724,0.4095],[0.2167,0.3814,0.4018],[0.2185,0.4411,0.3404],[0.2285,0.392,0.3795],[0.2121,0.3991,0.3889],[0.2177,0.4097,0.3726],[0.2034,0.4196,0.377],[0.2392,0.3746,0.3861],[0.2022,0.4084,0.3893],[0.1966,0.4059,0.3974],[0.2188,0.4095,0.3717],[0.196,0.4209,0.3831],[0.2111,0.4073,0.3816],[0.217,0.423,0.36],[0.228,0.3901,0.3818],[0.2119,0.4009,0.3871],[0.2515,0.3775,0.3711],[0.2083,0.4501,0.3416],[0.2105,0.3997,0.3898],[0.213,0.4232,0.3638],[0.2312,0.4128,0.356],[0.2413,0.3636,0.3951],[0.2152,0.392,0.3928],[0.2199,0.3676,0.4125],[0.2339,0.3712,0.3949],[0.1992,0.4481,0.3527],[0.2278,0.4247,0.3475],[0.231,0.3735,0.3955],[0.1927,0.4054,0.4018],[0.2431,0.3469,0.41],[0.2279,0.3849,0.3872],[0.1955,0.4231,0.3814],[0.2176,0.415,0.3674],[0.2261,0.3706,0.4032],[0.239,0.4007,0.3603],[0.2288,0.3905,0.3807],[0.2137,0.396,0.3902],[0.2329,0.4211,0.346],[0.1954,0.4258,0.3787],[0.2371,0.3728,0.3901],[0.2208,0.3901,0.3891],[0.2464,0.3945,0.359],[0.2107,0.3944,0.3948],[0.2155,0.4107,0.3738],[0.2122,0.4328,0.355],[0.2194,0.3669,0.4137],[0.2077,0.4151,0.3772],[0.2339,0.4006,0.3655],[0.2097,0.4044,0.3859],[0.2102,0.4275,0.3623],[0.2147,0.3979,0.3874],[0.206,0.4029,0.3911],[0.2148,0.4033,0.3819],[0.2254,0.3963,0.3783],[0.2012,0.418,0.3809],[0.1932,0.4049,0.4019],[0.2325,0.365,0.4026],[0.2325,0.4118,0.3557],[0.193,0.3734,0.4337],[0.2231,0.4165,0.3604],[0.1899,0.3764,0.4337],[0.207,0.3864,0.4066],[0.2159,0.3855,0.3987],[0.2293,0.3828,0.3879],[0.2335,0.4093,0.3571],[0.2213,0.374,0.4047],[0.2048,0.4129,0.3823],[0.2061,0.4177,0.3762],[0.227,0.389,0.384],[0.1991,0.3734,0.4274],[0.2554,0.3724,0.3722],[0.2218,0.4217,0.3565],[0.2111,0.4109,0.378],[0.2308,0.3806,0.3886],[0.2084,0.3958,0.3958],[0.2212,0.391,0.3878],[0.2194,0.3768,0.4038],[0.1907,0.3914,0.4178],[0.2324,0.3839,0.3837],[0.2045,0.3818,0.4137],[0.2418,0.3781,0.3801],[0.2036,0.4214,0.375],[0.2182,0.3826,0.3992],[0.1912,0.4175,0.3913],[0.1825,0.4218,0.3957],[0.1842,0.4441,0.3717],[0.2005,0.4069,0.3926],[0.2288,0.3687,0.4025],[0.2076,0.4158,0.3766],[0.2175,0.3867,0.3958],[0.2361,0.3976,0.3663],[0.2185,0.3692,0.4123],[0.2307,0.3771,0.3922],[0.2212,0.3501,0.4287],[0.2024,0.3794,0.4183],[0.2051,0.4141,0.3808],[0.1963,0.4345,0.3692],[0.2054,0.4166,0.378],[0.2105,0.4225,0.367],[0.2523,0.4042,0.3435],[0.2274,0.3984,0.3742],[0.2284,0.3644,0.4073],[0.2151,0.415,0.3699],[0.2423,0.3687,0.3889],[0.2695,0.3877,0.3428],[0.2382,0.3753,0.3865],[0.2206,0.4174,0.362],[0.1909,0.4018,0.4073],[0.2262,0.3958,0.378],[0.2123,0.4359,0.3518],[0.1954,0.3857,0.4189],[0.1923,0.4155,0.3922],[0.2184,0.3794,0.4022],[0.1912,0.4516,0.3573],[0.2136,0.4211,0.3653],[0.2221,0.3859,0.392],[0.2193,0.373,0.4077],[0.213,0.4195,0.3675],[0.1978,0.4292,0.373],[0.2318,0.4018,0.3664],[0.1856,0.3662,0.4481],[0.1982,0.4183,0.3834],[0.1956,0.3997,0.4047],[0.1897,0.4281,0.3822],[0.2455,0.3935,0.361],[0.2474,0.3985,0.3541],[0.2123,0.3824,0.4053],[0.2032,0.3976,0.3992],[0.2248,0.4245,0.3507],[0.2527,0.3523,0.395],[0.1913,0.3739,0.4348],[0.2151,0.3654,0.4195],[0.2681,0.3655,0.3663],[0.2034,0.3728,0.4239],[0.2224,0.3676,0.4101],[0.2187,0.3909,0.3904],[0.1895,0.4115,0.399],[0.1894,0.3797,0.431],[0.1963,0.4272,0.3764],[0.2294,0.3762,0.3944],[0.2138,0.4017,0.3845],[0.2249,0.3782,0.3969],[0.2195,0.4401,0.3403],[0.2213,0.4035,0.3752],[0.2091,0.4226,0.3684],[0.2291,0.3818,0.3891],[0.25,0.4041,0.3458],[0.1919,0.3878,0.4203],[0.2108,0.4132,0.376],[0.1863,0.4116,0.4021],[0.1994,0.4182,0.3824],[0.2201,0.385,0.3948],[0.229,0.383,0.388],[0.2111,0.3858,0.403],[0.2673,0.3774,0.3554],[0.2192,0.407,0.3738],[0.2283,0.4058,0.3658],[0.2276,0.4456,0.3268],[0.2424,0.4003,0.3573],[0.1949,0.4441,0.361],[0.2461,0.3634,0.3905],[0.1953,0.4204,0.3843],[0.2316,0.3529,0.4156],[0.2389,0.3739,0.3871],[0.2212,0.4069,0.3719],[0.1803,0.4423,0.3774],[0.2275,0.3659,0.4067],[0.2103,0.3868,0.4028],[0.2532,0.3991,0.3477],[0.205,0.3915,0.4035],[0.2154,0.421,0.3636],[0.2305,0.4024,0.3672],[0.2717,0.3568,0.3715],[0.2184,0.3991,0.3826],[0.2139,0.4146,0.3715],[0.1987,0.4151,0.3862],[0.2552,0.3791,0.3657],[0.2123,0.3984,0.3893],[0.2173,0.4061,0.3766],[0.2106,0.3826,0.4068],[0.2119,0.4497,0.3384],[0.2313,0.3947,0.374],[0.228,0.3954,0.3766],[0.2667,0.3609,0.3724],[0.2372,0.3817,0.3811],[0.2337,0.3776,0.3887],[0.1818,0.417,0.4012],[0.1928,0.3983,0.4089],[0.1911,0.3918,0.4171],[0.2268,0.3862,0.3871],[0.2372,0.415,0.3478],[0.2031,0.4205,0.3764],[0.2089,0.4234,0.3677],[0.2047,0.4334,0.3619],[0.2272,0.414,0.3588],[0.2107,0.4461,0.3432],[0.2228,0.3947,0.3825],[0.2119,0.3697,0.4184],[0.2074,0.3572,0.4354],[0.2111,0.4199,0.369],[0.2236,0.3835,0.3928],[0.2389,0.3911,0.37],[0.1862,0.4358,0.378],[0.219,0.3795,0.4015],[0.1901,0.3968,0.4131],[0.2322,0.3539,0.4138],[0.1791,0.414,0.4069],[0.2248,0.4046,0.3706],[0.2104,0.4157,0.3739],[0.2179,0.4078,0.3743],[0.2015,0.3909,0.4076],[0.1984,0.3734,0.4282],[0.2355,0.3594,0.4051],[0.2269,0.3975,0.3756],[0.2281,0.3912,0.3807],[0.2152,0.3952,0.3897],[0.196,0.4018,0.4022],[0.2109,0.4059,0.3831],[0.2399,0.4197,0.3403],[0.2287,0.3889,0.3824],[0.2193,0.3806,0.4001],[0.2173,0.4019,0.3808],[0.202,0.4087,0.3894],[0.2076,0.376,0.4164],[0.2206,0.4143,0.365],[0.2291,0.3978,0.3731],[0.2122,0.3783,0.4095],[0.2211,0.3894,0.3895],[0.2101,0.3727,0.4173],[0.2094,0.3834,0.4072],[0.2136,0.4096,0.3768],[0.2212,0.3932,0.3856],[0.2102,0.3928,0.397],[0.2357,0.4048,0.3595],[0.2136,0.3888,0.3976],[0.2329,0.3983,0.3688],[0.2066,0.4265,0.3669],[0.2019,0.4008,0.3973],[0.21,0.4347,0.3553],[0.1782,0.398,0.4238],[0.2024,0.3716,0.4259],[0.2095,0.4242,0.3663],[0.2254,0.3615,0.4131],[0.192,0.3851,0.4229],[0.247,0.3842,0.3688],[0.2195,0.4053,0.3752],[0.2149,0.3915,0.3936],[0.1804,0.4307,0.3889],[0.2238,0.3974,0.3788],[0.2482,0.3991,0.3527],[0.2543,0.4068,0.339],[0.2192,0.3952,0.3856],[0.2061,0.4112,0.3827],[0.2551,0.4058,0.3391],[0.2518,0.3871,0.3612],[0.1877,0.4165,0.3959],[0.2192,0.4013,0.3795],[0.2596,0.3703,0.3701],[0.2188,0.3639,0.4172],[0.2139,0.4023,0.3838],[0.1833,0.4374,0.3793],[0.1822,0.4139,0.4039],[0.2012,0.4207,0.3781],[0.19,0.433,0.377],[0.2143,0.4153,0.3703],[0.2099,0.3929,0.3972],[0.2139,0.4049,0.3812],[0.2445,0.3882,0.3674],