["[{\"p_chain\":[[0.222,0.159,0.2107,0.2011,0.2072],[0.2306,0.1684,0.1809,0.2036,0.2164],[0.2548,0.2324,0.0348,0.478,4.9911e-11],[0.2628,0.226,0.0064,0.5047,3.1351e-06],[0.2672,0.1874,0.0044,0.5385,0.0025],[0.2663,0.244,0,0.4897,1.8795e-08],[0.2725,0.2355,0.0006,0.4914,8.199e-08],[0.259,0.258,0.0013,0.4817,3.2511e-13],[0.2845,0.2286,0.0015,0.4846,0.0009],[0.2404,0.2831,5.0056e-09,0.4765,9.7354e-06],[0.2413,0.2676,0,0.491,4.8898e-07],[0.2863,0.2606,3.5592e-06,0.4525,0.0006],[0.3203,0.2528,4.123e-06,0.4267,0.0002],[0.2971,0.2257,6.734e-08,0.4772,0.0001],[0.3142,0.2962,2.1441e-06,0.3864,0.0033],[0.283,0.2648,2.4688e-15,0.4522,8.3516e-06],[0.3139,0.2692,5.9345e-09,0.417,6.5554e-08],[0.3019,0.2856,0.0011,0.4113,8.2804e-08],[0.2858,0.2848,0.002,0.4273,0],[0.3475,0.2501,0.0006,0.3992,0.0026],[0.3047,0.2733,0.0022,0.4197,0],[0.3234,0.2798,0.0005,0.3963,1.2436e-09],[0.3747,0.2329,0.0004,0.3911,0.0008],[0.3489,0.254,8.576e-08,0.3971,0],[0.363,0.2795,0.0001,0.3573,1.4782e-11],[0.3786,0.2512,0.0037,0.3645,0.002],[0.3482,0.2181,0.0065,0.4271,0],[0.3266,0.2522,0.0053,0.4158,0],[0.3568,0.2232,0.0119,0.4081,2.0822e-09],[0.3278,0.2602,0.0125,0.399,0.0006],[0.3269,0.3052,0.013,0.3548,2.0542e-07],[0.3471,0.2837,0.0084,0.3609,0],[0.3394,0.2383,0.0137,0.4079,0.0008],[0.3414,0.2917,0.0097,0.3572,5.7973e-08],[0.3153,0.2901,0.0148,0.3796,0.0002],[0.3226,0.2999,0.0224,0.3551,1.5544e-06],[0.3451,0.2871,0.0203,0.3475,0],[0.3068,0.3171,0.0253,0.3508,5.3638e-06],[0.2972,0.2948,0.0327,0.3753,0],[0.3331,0.2573,0.0456,0.3618,0.0022],[0.3511,0.2554,0.0235,0.3694,0.0006],[0.3868,0.2553,0.0367,0.3202,0.0011],[0.3299,0.2423,0.052,0.3755,0.0004],[0.302,0.2688,0.0825,0.3466,9.2902e-08],[0.3077,0.226,0.0883,0.378,7.0038e-07],[0.2739,0.2567,0.1037,0.3656,0.0002],[0.288,0.2233,0.1627,0.3239,0.002],[0.2854,0.2345,0.1113,0.3687,0],[0.2392,0.2185,0.1151,0.4246,0.0026],[0.3019,0.1925,0.1225,0.383,4.1158e-12],[0.2929,0.2548,0.119,0.333,0.0003],[0.3352,0.2206,0.1341,0.3101,1.933e-07],[0.2478,0.2382,0.151,0.3629,0.0001],[0.2946,0.2205,0.1205,0.3644,0.0001],[0.2862,0.2259,0.1545,0.3334,3.8504e-09],[0.2846,0.185,0.1739,0.3565,0.0001],[0.2789,0.2233,0.1448,0.3497,0.0033],[0.2613,0.2107,0.1838,0.3438,0.0005],[0.2727,0.2408,0.1382,0.3476,0.0007],[0.266,0.2165,0.1739,0.3421,0.0014],[0.2708,0.1997,0.191,0.3385,7.8943e-09],[0.2971,0.2266,0.1731,0.3031,0],[0.2936,0.222,0.1955,0.2888,0.0001],[0.2793,0.224,0.1684,0.3266,0.0017],[0.3267,0.2196,0.1917,0.2619,0.0001],[0.2608,0.2371,0.2055,0.2965,0.0002],[0.295,0.2223,0.2049,0.2774,0.0004],[0.2509,0.2255,0.2112,0.3124,3.6035e-06],[0.2533,0.2243,0.2208,0.3012,0.0005],[0.2623,0.1935,0.2413,0.2999,0.0031],[0.2738,0.2113,0.2089,0.3027,0.0033],[0.2086,0.2287,0.2411,0.3212,0.0005],[0.1929,0.2399,0.2361,0.331,0.0001],[0.2062,0.2079,0.2136,0.3722,0],[0.2187,0.2456,0.1952,0.3405,9.5275e-07],[0.2207,0.2143,0.2192,0.3458,0],[0.2319,0.2093,0.249,0.3097,0.0001],[0.2261,0.2335,0.2258,0.3134,0.0011],[0.2145,0.2017,0.2457,0.3381,6.3352e-07],[0.2458,0.2311,0.2023,0.3209,1.4726e-10],[0.22,0.204,0.2253,0.3482,0.0025],[0.216,0.1937,0.2439,0.3443,0.0021],[0.2342,0.2254,0.2133,0.3271,2.5037e-08],[0.2339,0.1825,0.22,0.3635,0.0001],[0.1866,0.2347,0.2152,0.3636,1.8093e-08],[0.2184,0.2274,0.2463,0.3079,7.7945e-08],[0.2211,0.1948,0.2191,0.3645,0.0004],[0.1862,0.2407,0.2032,0.3697,0.0001],[0.1963,0.2193,0.2113,0.3731,2.9242e-06],[0.211,0.1993,0.2036,0.386,8.5748e-06],[0.2154,0.222,0.2287,0.3338,0.0002],[0.1997,0.2164,0.22,0.3637,0.0002],[0.2341,0.1979,0.1838,0.3823,0.0019],[0.2198,0.1873,0.2053,0.3762,0.0114],[0.1813,0.2223,0.2191,0.3638,0.0135],[0.2281,0.2118,0.2386,0.3005,0.0211],[0.1648,0.2508,0.2189,0.3467,0.0188],[0.214,0.2406,0.2317,0.292,0.0218],[0.2701,0.2136,0.1991,0.2847,0.0326],[0.2249,0.2197,0.2226,0.3138,0.019],[0.2031,0.2219,0.2108,0.3416,0.0226],[0.1986,0.2333,0.2114,0.3422,0.0144],[0.2003,0.201,0.2273,0.3471,0.0243],[0.225,0.2411,0.1887,0.3121,0.0332],[0.216,0.2381,0.1867,0.3272,0.032],[0.1961,0.2098,0.2462,0.3146,0.0333],[0.2248,0.2122,0.221,0.2993,0.0428],[0.2275,0.1983,0.191,0.341,0.0423],[0.202,0.2461,0.2182,0.2978,0.0358],[0.2408,0.2072,0.1714,0.3588,0.0219],[0.2358,0.2072,0.2237,0.2982,0.0351],[0.2057,0.2098,0.2557,0.2817,0.0471],[0.2092,0.2126,0.223,0.2937,0.0614],[0.2304,0.2066,0.2443,0.265,0.0537],[0.176,0.1944,0.2572,0.3149,0.0575],[0.1951,0.2325,0.2257,0.2749,0.0718],[0.1916,0.1955,0.266,0.2731,0.0739],[0.1842,0.2344,0.2308,0.2465,0.1042],[0.2223,0.2219,0.2092,0.2557,0.0909],[0.1929,0.2249,0.2228,0.2694,0.0899],[0.2033,0.2202,0.2205,0.2316,0.1244],[0.1888,0.1939,0.225,0.2717,0.1205],[0.2259,0.1995,0.2248,0.2245,0.1253],[0.198,0.1974,0.215,0.2695,0.1201],[0.2213,0.1968,0.2211,0.2101,0.1507],[0.215,0.2073,0.2281,0.1991,0.1505],[0.2234,0.2452,0.1969,0.1824,0.152],[0.1964,0.2406,0.1977,0.2242,0.1411],[0.2039,0.2297,0.2179,0.2209,0.1276],[0.2189,0.1853,0.2572,0.2196,0.1189],[0.2165,0.1992,0.2346,0.2296,0.1201],[0.2001,0.2293,0.2007,0.2104,0.1594],[0.2303,0.1966,0.2189,0.2268,0.1274],[0.2213,0.2115,0.2034,0.1967,0.1671],[0.2045,0.231,0.2141,0.2262,0.1243],[0.2547,0.2093,0.2087,0.1748,0.1526],[0.2022,0.1729,0.2084,0.246,0.1705],[0.2132,0.22,0.2154,0.1934,0.1579],[0.223,0.1965,0.2066,0.2343,0.1396],[0.1914,0.1991,0.225,0.2354,0.1492],[0.2083,0.222,0.2052,0.19,0.1745],[0.2441,0.1814,0.2343,0.1837,0.1564],[0.2596,0.2172,0.2111,0.1709,0.1413],[0.2092,0.2164,0.2097,0.2043,0.1605],[0.173,0.2246,0.2439,0.2129,0.1455],[0.1753,0.2163,0.2389,0.2022,0.1672],[0.1957,0.215,0.1884,0.2395,0.1614],[0.2038,0.2092,0.2348,0.186,0.1662],[0.2094,0.2196,0.2139,0.2172,0.1399],[0.2096,0.2253,0.1976,0.2089,0.1586],[0.2163,0.2101,0.2036,0.2148,0.1553],[0.1984,0.1998,0.2015,0.1878,0.2125],[0.2013,0.1921,0.2137,0.2476,0.1453],[0.2449,0.2081,0.1871,0.216,0.144],[0.2449,0.1741,0.2145,0.2129,0.1536],[0.2412,0.199,0.2199,0.1862,0.1537],[0.2414,0.1733,0.2138,0.1831,0.1885],[0.1734,0.2172,0.2064,0.2443,0.1588],[0.1934,0.2353,0.2115,0.1912,0.1685],[0.1939,0.2052,0.2345,0.2251,0.1412],[0.1776,0.2319,0.2365,0.2199,0.1341],[0.2156,0.2003,0.2077,0.2189,0.1575],[0.2551,0.2147,0.2053,0.1865,0.1384],[0.227,0.2079,0.2092,0.1866,0.1693],[0.2225,0.2407,0.2116,0.1819,0.1433],[0.2329,0.2015,0.2057,0.1929,0.1671],[0.2322,0.2205,0.1951,0.2011,0.1511],[0.2106,0.1976,0.2234,0.1987,0.1698],[0.2049,0.2352,0.1893,0.1879,0.1826],[0.1809,0.2301,0.2054,0.2342,0.1493],[0.2002,0.2699,0.2082,0.1534,0.1683],[0.2009,0.224,0.2016,0.2149,0.1586],[0.1933,0.2194,0.2472,0.1787,0.1614],[0.1865,0.2069,0.2327,0.2068,0.1671],[0.226,0.176,0.2147,0.2239,0.1594],[0.1969,0.1982,0.2457,0.2051,0.1542],[0.2179,0.212,0.2274,0.1935,0.1492],[0.1972,0.2212,0.2299,0.2032,0.1485],[0.1951,0.2329,0.2285,0.215,0.1285],[0.1719,0.2251,0.2195,0.2295,0.154],[0.2351,0.183,0.2394,0.1827,0.1599],[0.2255,0.2183,0.2111,0.1897,0.1555],[0.1884,0.2307,0.1957,0.2438,0.1415],[0.2174,0.2418,0.1911,0.2065,0.1431],[0.2104,0.1904,0.2292,0.2154,0.1547],[0.1909,0.2155,0.2015,0.2187,0.1735],[0.2305,0.2221,0.2037,0.199,0.1448],[0.2196,0.2335,0.1996,0.2132,0.1341],[0.2537,0.1887,0.1888,0.2396,0.1292],[0.2251,0.2387,0.1856,0.1972,0.1534],[0.2228,0.2059,0.2087,0.1982,0.1644],[0.2195,0.2161,0.2085,0.1937,0.1622],[0.2328,0.2012,0.2111,0.1993,0.1556],[0.2037,0.2073,0.2394,0.1902,0.1594],[0.2112,0.2042,0.203,0.1912,0.1905],[0.2091,0.2079,0.2426,0.1769,0.1634],[0.2402,0.2242,0.1926,0.1855,0.1575],[0.2371,0.194,0.2202,0.2089,0.1399],[0.2438,0.1668,0.1907,0.228,0.1707],[0.218,0.23,0.2289,0.1715,0.1515],[0.2361,0.2286,0.2329,0.1692,0.1332],[0.202,0.2115,0.2442,0.2135,0.1289],[0.2222,0.2291,0.2206,0.1657,0.1624],[0.2332,0.1918,0.237,0.2045,0.1335],[0.2276,0.2163,0.2274,0.1737,0.1551],[0.2173,0.2265,0.2343,0.196,0.1258],[0.2184,0.23,0.2069,0.1958,0.1489],[0.2209,0.2169,0.2095,0.189,0.1637],[0.198,0.2228,0.2154,0.2183,0.1455],[0.1979,0.2108,0.234,0.2176,0.1397],[0.1746,0.2269,0.2286,0.2388,0.131],[0.2033,0.2333,0.2205,0.2105,0.1323],[0.1946,0.1994,0.2229,0.2248,0.1583],[0.2128,0.2174,0.2181,0.2034,0.1482],[0.2635,0.2024,0.1919,0.1921,0.15],[0.2447,0.2255,0.2088,0.1595,0.1615],[0.2437,0.2125,0.1903,0.1912,0.1623],[0.2548,0.1982,0.2179,0.194,0.1352],[0.2284,0.2233,0.1865,0.1997,0.1622],[0.2193,0.2056,0.2014,0.2151,0.1586],[0.2105,0.2288,0.1932,0.192,0.1754],[0.2038,0.2155,0.2346,0.1867,0.1595],[0.2643,0.2138,0.2136,0.1689,0.1393],[0.2361,0.1801,0.2255,0.2209,0.1373],[0.2005,0.2049,0.2283,0.1966,0.1697],[0.251,0.1853,0.2179,0.1939,0.1518],[0.2241,0.2211,0.2045,0.2114,0.1389],[0.2129,0.2492,0.2191,0.1749,0.1439],[0.2135,0.2044,0.194,0.2211,0.1671],[0.2183,0.2073,0.2033,0.2013,0.1698],[0.1791,0.2148,0.1847,0.2439,0.1774],[0.2171,0.2,0.2119,0.2087,0.1623],[0.2329,0.201,0.236,0.1889,0.1411],[0.2192,0.1922,0.2211,0.2092,0.1582],[0.2288,0.2114,0.2092,0.2285,0.1221],[0.2095,0.1813,0.231,0.2276,0.1505],[0.207,0.2119,0.2556,0.1811,0.1444],[0.211,0.2297,0.2353,0.1672,0.1568],[0.2197,0.2151,0.2169,0.1908,0.1575],[0.214,0.2324,0.2346,0.1703,0.1488],[0.2191,0.1911,0.2509,0.1811,0.1578],[0.224,0.2143,0.2232,0.1749,0.1636],[0.1946,0.2078,0.2587,0.1817,0.1573],[0.1849,0.2127,0.2128,0.2,0.1896],[0.181,0.1835,0.2716,0.1936,0.1704],[0.2295,0.1799,0.2456,0.1844,0.1606],[0.1902,0.2115,0.2297,0.2037,0.1649],[0.2564,0.1706,0.2285,0.1914,0.1531],[0.2106,0.2193,0.1889,0.2109,0.1702],[0.1969,0.2433,0.2012,0.1894,0.1691],[0.1861,0.219,0.2486,0.1783,0.168],[0.2134,0.2239,0.2031,0.2048,0.1548],[0.1679,0.2107,0.2552,0.2048,0.1614],[0.1929,0.2193,0.2143,0.2179,0.1556],[0.2037,0.233,0.202,0.194,0.1673],[0.1869,0.2042,0.2553,0.2061,0.1476],[0.2345,0.2119,0.1728,0.2135,0.1673],[0.2687,0.2132,0.2042,0.2059,0.1081],[0.2157,0.2002,0.2375,0.1778,0.1687],[0.2157,0.1775,0.2154,0.2118,0.1797],[0.2219,0.1933,0.2478,0.1743,0.1627],[0.2145,0.2279,0.203,0.1803,0.1743],[0.1999,0.225,0.207,0.1984,0.1697],[0.2228,0.1907,0.2084,0.1899,0.1882],[0.2433,0.2062,0.2117,0.1888,0.15],[0.2103,0.228,0.2213,0.1777,0.1626],[0.2147,0.1783,0.2343,0.202,0.1707],[0.2088,0.2076,0.2085,0.2022,0.1729],[0.1757,0.2444,0.2273,0.1833,0.1693],[0.2199,0.2076,0.2065,0.2001,0.1659],[0.1856,0.2191,0.2549,0.1726,0.1679],[0.1859,0.2407,0.2242,0.209,0.1402],[0.2362,0.2219,0.2076,0.1512,0.1831],[0.2218,0.2113,0.2059,0.2095,0.1515],[0.1795,0.2295,0.2289,0.213,0.149],[0.2047,0.2427,0.2034,0.2022,0.147],[0.217,0.2188,0.2252,0.1851,0.1539],[0.2597,0.2137,0.2173,0.1824,0.127],[0.2667,0.1782,0.2191,0.1998,0.1362],[0.1781,0.2139,0.2021,0.2211,0.1847],[0.2096,0.195,0.2599,0.1698,0.1657],[0.2114,0.1835,0.2175,0.2164,0.1713],[0.2462,0.1798,0.2234,0.1876,0.163],[0.2002,0.2192,0.1963,0.1955,0.1888],[0.1935,0.2352,0.2182,0.2221,0.131],[0.2094,0.202,0.2043,0.2195,0.1647],[0.211,0.196,0.2084,0.2143,0.1703],[0.1962,0.2256,0.2204,0.2147,0.1432],[0.2144,0.2168,0.2201,0.2175,0.1311],[0.2047,0.2053,0.2145,0.1897,0.1858],[0.2162,0.171,0.2364,0.1877,0.1887],[0.1741,0.2121,0.2233,0.1803,0.2102],[0.2293,0.2476,0.2181,0.1622,0.1427],[0.2492,0.1938,0.2016,0.1983,0.157],[0.2451,0.2445,0.1737,0.1726,0.1641],[0.2528,0.217,0.1953,0.1977,0.1372],[0.2377,0.1869,0.1999,0.1942,0.1813],[0.2353,0.2129,0.1993,0.2055,0.147],[0.2303,0.1934,0.2041,0.2002,0.1719],[0.2417,0.2061,0.2104,0.1887,0.1531],[0.2185,0.2098,0.2025,0.2205,0.1486],[0.2101,0.2234,0.1937,0.1894,0.1834],[0.2324,0.2169,0.1904,0.1903,0.17],[0.2272,0.221,0.2147,0.1909,0.1462],[0.2395,0.2054,0.2364,0.1694,0.1493],[0.2336,0.223,0.163,0.2065,0.1738],[0.2028,0.2032,0.206,0.2235,0.1646],[0.2451,0.1925,0.2256,0.2101,0.1267],[0.2193,0.2085,0.2163,0.196,0.16],[0.2132,0.2367,0.2137,0.1622,0.1742],[0.2482,0.2306,0.2072,0.1475,0.1664],[0.2187,0.2102,0.2013,0.2201,0.1498],[0.1986,0.2222,0.2115,0.2031,0.1646],[0.2283,0.2128,0.2185,0.2143,0.1261],[0.2122,0.2021,0.2333,0.1995,0.1528],[0.224,0.2082,0.2028,0.2035,0.1615],[0.2096,0.2088,0.2453,0.1726,0.1638],[0.213,0.206,0.2155,0.2292,0.1363],[0.2022,0.2253,0.1934,0.2395,0.1396],[0.1885,0.1814,0.2293,0.2,0.2008],[0.2225,0.1958,0.2127,0.2056,0.1635],[0.2248,0.1971,0.2223,0.1855,0.1703],[0.2412,0.2055,0.2377,0.1686,0.147],[0.2198,0.1815,0.236,0.2096,0.153],[0.2116,0.195,0.2325,0.1975,0.1634],[0.2379,0.2025,0.2101,0.1896,0.1598],[0.2048,0.2169,0.2407,0.189,0.1487],[0.1917,0.203,0.2209,0.246,0.1384],[0.2066,0.2291,0.1943,0.1846,0.1854],[0.2313,0.1879,0.1994,0.2213,0.1601],[0.2385,0.2359,0.2092,0.1851,0.1312],[0.2028,0.2173,0.1987,0.2174,0.1638],[0.2105,0.211,0.2203,0.2255,0.1327],[0.2052,0.1814,0.2568,0.1945,0.1621],[0.2048,0.2058,0.2542,0.1945,0.1406],[0.1972,0.2168,0.2191,0.195,0.1719],[0.1632,0.2295,0.2151,0.1938,0.1984],[0.2188,0.2003,0.2339,0.1906,0.1564],[0.2298,0.1874,0.2348,0.1963,0.1517],[0.223,0.2157,0.2,0.2134,0.148],[0.2649,0.1946,0.1883,0.2035,0.1487],[0.2079,0.2175,0.1938,0.2211,0.1597],[0.2021,0.2291,0.2062,0.1958,0.1668],[0.2098,0.2057,0.2113,0.2179,0.1552],[0.2262,0.2161,0.2081,0.2076,0.142],[0.2153,0.2125,0.1971,0.2347,0.1405],[0.2062,0.2089,0.2154,0.2236,0.1458],[0.253,0.2448,0.1619,0.1975,0.1427],[0.2108,0.2178,0.2238,0.2085,0.1391],[0.1926,0.2018,0.2553,0.1933,0.157],[0.2053,0.2054,0.1986,0.2106,0.18],[0.1781,0.2054,0.2304,0.2031,0.1831],[0.2024,0.1807,0.2318,0.2232,0.1619],[0.2169,0.2193,0.2011,0.2111,0.1516],[0.184,0.2274,0.2063,0.2215,0.1608],[0.2309,0.183,0.2513,0.1671,0.1677],[0.2075,0.2139,0.2202,0.1919,0.1665],[0.1991,0.2038,0.2449,0.1915,0.1606],[0.2146,0.2004,0.2403,0.1799,0.1647],[0.2107,0.1958,0.2263,0.1831,0.1841],[0.2363,0.2354,0.2269,0.1786,0.1228],[0.2172,0.2067,0.2037,0.2236,0.1488],[0.2066,0.2018,0.2092,0.198,0.1844],[0.1962,0.1968,0.2434,0.2158,0.1478],[0.2164,0.169,0.2199,0.2336,0.1611],[0.1965,0.2206,0.2257,0.1948,0.1624],[0.2238,0.2049,0.2245,0.1793,0.1675],[0.2107,0.2195,0.1844,0.2156,0.1698],[0.184,0.1939,0.2312,0.1928,0.1981],[0.2356,0.2233,0.1796,0.2049,0.1567],[0.2046,0.2236,0.2097,0.1904,0.1715],[0.2151,0.2218,0.1943,0.2046,0.1641],[0.1778,0.242,0.1938,0.2054,0.1811],[0.2235,0.2055,0.1964,0.2326,0.142],[0.1932,0.2283,0.2352,0.1875,0.1559],[0.1969,0.1976,0.2383,0.212,0.1552],[0.1825,0.1982,0.2615,0.2165,0.1413],[0.163,0.2087,0.2259,0.2308,0.1716],[0.2217,0.2111,0.2184,0.1937,0.1551],[0.2148,0.2232,0.2125,0.1794,0.1701],[0.2444,0.2004,0.1986,0.2022,0.1544],[0.1869,0.1899,0.2258,0.2133,0.184],[0.2164,0.2373,0.2088,0.1851,0.1525],[0.2143,0.2159,0.2184,0.2221,0.1293],[0.2044,0.2328,0.2054,0.1789,0.1786],[0.237,0.2011,0.1884,0.1993,0.1742],[0.197,0.2292,0.2166,0.1714,0.1859],[0.2089,0.1953,0.2203,0.2031,0.1723],[0.1864,0.2162,0.2141,0.2136,0.1696],[0.2339,0.2143,0.2053,0.1887,0.1577],[0.2098,0.2029,0.2354,0.2167,0.1352],[0.2137,0.2067,0.2323,0.2032,0.144],[0.2486,0.2084,0.188,0.202,0.153],[0.2023,0.2289,0.2191,0.2007,0.1491],[0.2,0.1939,0.2285,0.2026,0.175],[0.1937,0.1875,0.2402,0.2122,0.1664],[0.2516,0.1819,0.1951,0.2103,0.161],[0.236,0.1754,0.2211,0.1962,0.1713],[0.1803,0.1896,0.229,0.2282,0.1729],[0.2238,0.2168,0.2171,0.1749,0.1675],[0.2496,0.2032,0.217,0.1975,0.1326],[0.2344,0.1914,0.2193,0.2058,0.1491],[0.1701,0.2134,0.2577,0.1944,0.1645],[0.1842,0.2464,0.214,0.1961,0.1592],[0.1933,0.2232,0.2126,0.1999,0.171],[0.2216,0.1771,0.2261,0.2047,0.1705],[0.2153,0.2092,0.2458,0.1874,0.1423],[0.2325,0.2137,0.2001,0.2013,0.1525],[0.2239,0.1943,0.2029,0.2101,0.1688],[0.2289,0.2111,0.1836,0.218,0.1584],[0.2184,0.2096,0.2069,0.1935,0.1717],[0.1879,0.2436,0.1923,0.208,0.1682],[0.2049,0.2088,0.2101,0.2059,0.1703],[0.2444,0.2263,0.1994,0.1655,0.1644],[0.2112,0.2233,0.1904,0.2114,0.1637],[0.235,0.1918,0.2202,0.1809,0.1722],[0.2081,0.2331,0.2059,0.189,0.1639],[0.23,0.1975,0.1926,0.2197,0.1602],[0.2279,0.2095,0.2337,0.1716,0.1574],[0.2288,0.2208,0.2192,0.1793,0.1519],[0.201,0.1935,0.2092,0.2555,0.1409],[0.1804,0.2149,0.2346,0.2113,0.1588],[0.206,0.2113,0.2159,0.1779,0.1888],[0.2166,0.1868,0.2315,0.1966,0.1686],[0.1811,0.2208,0.244,0.1799,0.1742],[0.2076,0.2029,0.2249,0.1965,0.1681],[0.249,0.2105,0.1716,0.1906,0.1782],[0.1997,0.2165,0.2384,0.1889,0.1564],[0.2407,0.2037,0.2007,0.191,0.1638],[0.1972,0.228,0.2164,0.1881,0.1704],[0.1814,0.2153,0.258,0.1808,0.1645],[0.1912,0.2401,0.1999,0.2429,0.1259],[0.2081,0.2295,0.2259,0.1906,0.1459],[0.2012,0.2418,0.1889,0.2007,0.1674],[0.2067,0.2058,0.2115,0.2299,0.1461],[0.2172,0.2139,0.2065,0.2001,0.1622],[0.2344,0.1929,0.2253,0.1885,0.1589],[0.2354,0.2379,0.2114,0.177,0.1385],[0.1926,0.2162,0.1818,0.2229,0.1865],[0.2244,0.1984,0.1882,0.2247,0.1643],[0.2235,0.2128,0.2171,0.184,0.1625],[0.2017,0.2462,0.2052,0.1599,0.187],[0.2224,0.2041,0.2273,0.1817,0.1646],[0.2203,0.2157,0.1955,0.2065,0.162],[0.2319,0.218,0.207,0.1951,0.148],[0.1965,0.1996,0.2458,0.1968,0.1614],[0.1831,0.2394,0.2156,0.1955,0.1663],[0.2003,0.1938,0.2202,0.2311,0.1546],[0.208,0.2002,0.2103,0.2137,0.1677],[0.2271,0.2081,0.1825,0.2409,0.1414],[0.1811,0.2329,0.2395,0.2045,0.1421],[0.2397,0.1822,0.2311,0.2103,0.1368],[0.2167,0.1907,0.2414,0.2034,0.1478],[0.1976,0.2425,0.212,0.1998,0.1481],[0.2322,0.2125,0.2023,0.2085,0.1446],[0.2036,0.2046,0.2115,0.2146,0.1657],[0.23,0.1794,0.2342,0.1983,0.1582],[0.2384,0.2145,0.1968,0.1836,0.1666],[0.2538,0.1847,0.2224,0.205,0.1341],[0.1869,0.2351,0.2074,0.1763,0.1944],[0.2023,0.2409,0.2004,0.2004,0.156],[0.2435,0.1875,0.1923,0.1779,0.1989],[0.1959,0.1798,0.2062,0.2118,0.2063],[0.1889,0.2102,0.2479,0.1747,0.1783],[0.2149,0.1997,0.21,0.2067,0.1687],[0.2078,0.2051,0.2413,0.1973,0.1485],[0.1996,0.2344,0.2115,0.1926,0.1619],[0.207,0.2116,0.2238,0.2105,0.1471],[0.1767,0.2725,0.2114,0.1977,0.1417],[0.2046,0.2271,0.2255,0.1985,0.1442],[0.2183,0.207,0.2283,0.1878,0.1585],[0.2393,0.2228,0.1825,0.2265,0.1289],[0.2243,0.2366,0.1891,0.1951,0.1548],[0.2285,0.2262,0.1777,0.1808,0.1869],[0.2272,0.2342,0.1838,0.2058,0.149],[0.224,0.2026,0.1842,0.2388,0.1504],[0.2415,0.1978,0.2073,0.1761,0.1772],[0.2021,0.2285,0.187,0.2266,0.1558],[0.2158,0.2159,0.1905,0.219,0.1588],[0.2239,0.2087,0.2078,0.2079,0.1518],[0.2572,0.1909,0.181,0.1864,0.1846],[0.2211,0.1906,0.2014,0.2062,0.1807],[0.1984,0.1897,0.2167,0.2203,0.1749],[0.1955,0.2437,0.2139,0.1794,0.1675],[0.2308,0.2148,0.1939,0.2045,0.1559],[0.2319,0.2018,0.2003,0.1991,0.1669],[0.2144,0.2153,0.2272,0.1983,0.1448],[0.2369,0.2066,0.2207,0.1722,0.1635],[0.2265,0.204,0.2195,0.1728,0.1771],[0.2498,0.1691,0.2271,0.1803,0.1737],[0.2197,0.2083,0.2268,0.1935,0.1518],[0.2055,0.1994,0.2053,0.1775,0.2123],[0.2418,0.1791,0.1984,0.1919,0.1887],[0.2335,0.2242,0.2182,0.1745,0.1496],[0.2074,0.1987,0.2238,0.2389,0.1311],[0.1951,0.2222,0.2444,0.185,0.1533],[0.2596,0.162,0.2324,0.1912,0.1549],[0.2262,0.1962,0.2473,0.1981,0.1322],[0.2191,0.2165,0.194,0.1959,0.1745],[0.1695,0.2092,0.2248,0.2311,0.1653],[0.1698,0.2044,0.242,0.194,0.1898],[0.203,0.1768,0.2499,0.2099,0.1604],[0.2242,0.2195,0.2333,0.1686,0.1543],[0.2141,0.2267,0.1887,0.206,0.1645],[0.1844,0.2326,0.1811,0.2182,0.1837],[0.1932,0.2134,0.1974,0.2123,0.1836],[0.1981,0.2224,0.2045,0.2288,0.1461],[0.1887,0.1865,0.263,0.1892,0.1725],[0.2036,0.2337,0.2174,0.1826,0.1626],[0.2197,0.2343,0.229,0.1874,0.1295],[0.1851,0.2219,0.2282,0.1978,0.167],[0.1805,0.2093,0.2312,0.2119,0.1671],[0.1792,0.2368,0.2086,0.2264,0.149],[0.2442,0.1794,0.2551,0.1873,0.134],[0.1851,0.247,0.2154,0.1815,0.171],[0.2107,0.2202,0.2212,0.1751,0.1728],[0.2491,0.1966,0.185,0.1983,0.171],[0.2337,0.1961,0.2321,0.1666,0.1715],[0.2149,0.2442,0.181,0.1916,0.1683],[0.2081,0.2323,0.208,0.2075,0.1441],[0.1982,0.222,0.2489,0.1893,0.1415],[0.1979,0.219,0.2134,0.1965,0.1733],[0.2287,0.1897,0.2335,0.1846,0.1635],[0.2133,0.2064,0.228,0.1972,0.1551],[0.1979,0.2359,0.1695,0.1979,0.1988],[0.2374,0.19,0.2438,0.1838,0.145],[0.2425,0.203,0.2166,0.1938,0.144],[0.2147,0.2082,0.2044,0.2003,0.1724],[0.2073,0.2223,0.2098,0.2082,0.1524],[0.2269,0.2045,0.251,0.1669,0.1507],[0.2131,0.2132,0.2383,0.1852,0.1501],[0.1894,0.2074,0.1981,0.2155,0.1895],[0.197,0.2354,0.2372,0.1809,0.1495],[0.1796,0.2284,0.2226,0.221,0.1484],[0.2198,0.2138,0.2275,0.1768,0.162],[0.1833,0.2069,0.2347,0.2269,0.1482],[0.2289,0.1744,0.2013,0.2319,0.1636],[0.1928,0.2371,0.2355,0.1637,0.1709],[0.204,0.2399,0.1898,0.1893,0.1769],[0.2093,0.1963,0.2238,0.2045,0.166],[0.1908,0.2011,0.2238,0.2257,0.1586],[0.176,0.184,0.2351,0.2509,0.154],[0.2036,0.1976,0.1925,0.2625,0.1437],[0.1958,0.1946,0.2081,0.2219,0.1796],[0.1776,0.2236,0.2367,0.2077,0.1544],[0.2178,0.216,0.2323,0.1959,0.138],[0.1734,0.2279,0.2444,0.228,0.1263],[0.2004,0.2499,0.2036,0.198,0.1481],[0.2564,0.164,0.2113,0.2208,0.1474],[0.1898,0.2123,0.1883,0.2251,0.1845],[0.1918,0.2134,0.2273,0.216,0.1515],[0.217,0.16,0.2371,0.2181,0.1679],[0.2131,0.1721,0.2347,0.2202,0.1599],[0.21,0.1928,0.2204,0.2088,0.168],[0.2311,0.2228,0.2186,0.1715,0.156],[0.258,0.2197,0.1866,0.1714,0.1642],[0.2336,0.184,0.2103,0.218,0.1541],[0.1776,0.2194,0.1926,0.247,0.1634],[0.1918,0.212,0.2004,0.1989,0.197],[0.19,0.245,0.1954,0.209,0.1607],[0.1922,0.1981,0.2408,0.1829,0.186],[0.2171,0.2103,0.2033,0.1933,0.176],[0.2588,0.1838,0.1939,0.1931,0.1704],[0.1864,0.2056,0.2639,0.1684,0.1757],[0.2142,0.2457,0.1954,0.2087,0.136],[0.2239,0.2265,0.2086,0.1716,0.1693],[0.2031,0.2295,0.2002,0.1923,0.1749],[0.2171,0.1893,0.2368,0.1987,0.1581],[0.2173,0.2079,0.2071,0.1929,0.1747],[0.194,0.2345,0.2069,0.1962,0.1684],[0.1891,0.2462,0.2195,0.1793,0.1659],[0.2491,0.2024,0.223,0.1745,0.1511],[0.2075,0.2029,0.2131,0.199,0.1776],[0.1822,0.2199,0.2221,0.1943,0.1815],[0.2075,0.2155,0.2157,0.1684,0.1929],[0.2093,0.2111,0.2015,0.1786,0.1994],[0.2154,0.1994,0.2206,0.1858,0.1788],[0.216,0.207,0.2499,0.1914,0.1357],[0.2167,0.193,0.2178,0.2028,0.1697],[0.2068,0.2107,0.193,0.2269,0.1626],[0.2633,0.1773,0.23,0.17,0.1594],[0.2012,0.2057,0.2229,0.2099,0.1603],[0.2015,0.2208,0.2382,0.1809,0.1586],[0.1678,0.2253,0.2425,0.1953,0.1691],[0.1856,0.2141,0.2347,0.2099,0.1557],[0.2323,0.2174,0.1843,0.2039,0.162],[0.2195,0.2204,0.1869,0.1925,0.1807],[0.2094,0.1941,0.2098,0.2208,0.1659],[0.2376,0.1638,0.2054,0.2272,0.1661],[0.2114,0.2161,0.2013,0.2003,0.1709],[0.2221,0.1945,0.2321,0.1735,0.1778],[0.2152,0.2235,0.1991,0.2026,0.1597],[0.217,0.1833,0.2315,0.2135,0.1547],[0.2,0.2321,0.1976,0.2022,0.1679],[0.1786,0.1906,0.2478,0.1936,0.1895],[0.1955,0.225,0.2148,0.2233,0.1413],[0.2144,0.2063,0.2106,0.2025,0.1663],[0.1842,0.1999,0.1857,0.2198,0.2104],[0.1812,0.193,0.2366,0.2191,0.1701],[0.2337,0.2079,0.1764,0.2142,0.1678],[0.23,0.2035,0.1845,0.1924,0.1896],[0.2158,0.1919,0.2261,0.2044,0.1618],[0.2211,0.233,0.1983,0.21,0.1375],[0.2302,0.2086,0.2489,0.1968,0.1155],[0.2317,0.1938,0.2099,0.1799,0.1846],[0.247,0.1964,0.1993,0.2109,0.1464],[0.223,0.2123,0.2363,0.193,0.1354],[0.2208,0.2095,0.2329,0.1822,0.1547],[0.1855,0.1963,0.2345,0.2427,0.141],[0.1888,0.2288,0.2325,0.1893,0.1605],[0.2097,0.2027,0.2346,0.1747,0.1783],[0.1919,0.2407,0.2194,0.1824,0.1656],[0.2108,0.1732,0.2014,0.257,0.1576],[0.216,0.2283,0.2302,0.1833,0.1421],[0.2096,0.1755,0.2135,0.2129,0.1884],[0.2329,0.215,0.1993,0.1884,0.1645],[0.22,0.1908,0.2416,0.2017,0.1458],[0.212,0.2266,0.2,0.2008,0.1606],[0.2117,0.2148,0.2271,0.201,0.1453],[0.2131,0.1978,0.2101,0.2143,0.1648],[0.2031,0.2286,0.1963,0.2052,0.1669],[0.2426,0.2272,0.1926,0.1936,0.144],[0.2131,0.2101,0.2361,0.1603,0.1803],[0.2448,0.215,0.2108,0.171,0.1585],[0.2144,0.2218,0.2163,0.1705,0.177],[0.2201,0.2159,0.2111,0.1984,0.1545],[0.2011,0.1935,0.2171,0.2123,0.176],[0.1921,0.2044,0.1896,0.2436,0.1703],[0.2154,0.2292,0.2173,0.1765,0.1616],[0.2073,0.2015,0.2281,0.1906,0.1726],[0.1842,0.2561,0.2113,0.2075,0.1409],[0.2058,0.2721,0.2075,0.1757,0.1388],[0.2147,0.204,0.2584,0.177,0.1459],[0.1986,0.2424,0.201,0.1894,0.1687],[0.1825,0.2378,0.1979,0.1806,0.2011],[0.1983,0.2182,0.2338,0.184,0.1657],[0.2277,0.176,0.2318,0.2036,0.1609],[0.246,0.2014,0.2104,0.1919,0.1503],[0.1966,0.2252,0.2127,0.2314,0.1341],[0.1859,0.2453,0.1978,0.2052,0.1658],[0.1891,0.2257,0.2108,0.1771,0.1972],[0.2303,0.1888,0.2182,0.2057,0.157],[0.2017,0.2057,0.2037,0.2171,0.1718],[0.2272,0.212,0.2334,0.1857,0.1418],[0.2038,0.2064,0.2228,0.2041,0.1629],[0.2112,0.2497,0.2085,0.1889,0.1417],[0.2083,0.2288,0.2151,0.1839,0.1639],[0.1933,0.2113,0.2093,0.2068,0.1793],[0.211,0.1957,0.2157,0.2089,0.1687],[0.1905,0.2063,0.1939,0.2388,0.1706],[0.2338,0.17,0.1961,0.234,0.1661],[0.1906,0.2238,0.2045,0.2093,0.1718],[0.2375,0.1985,0.2332,0.1716,0.1593],[0.2142,0.1763,0.238,0.2048,0.1666],[0.2301,0.2095,0.2144,0.1806,0.1655],[0.2034,0.2042,0.1931,0.2281,0.1712],[0.2368,0.2002,0.2113,0.1981,0.1537],[0.2152,0.1931,0.1979,0.2426,0.1513],[0.2138,0.1955,0.2063,0.2263,0.1581],[0.2315,0.2047,0.2043,0.211,0.1485],[0.2059,0.2017,0.2175,0.2151,0.1598],[0.1642,0.2272,0.2331,0.1986,0.1769],[0.1964,0.2224,0.2244,0.1926,0.1642],[0.2237,0.1892,0.2293,0.1843,0.1735],[0.2191,0.1923,0.2058,0.1995,0.1833],[0.1979,0.2328,0.2231,0.1973,0.1489],[0.2267,0.2385,0.2203,0.1704,0.1441],[0.246,0.2102,0.1735,0.198,0.1723],[0.2525,0.1602,0.1831,0.1975,0.2067],[0.1987,0.2162,0.242,0.1861,0.157],[0.2094,0.2094,0.1912,0.1797,0.2102],[0.2615,0.2291,0.1871,0.1866,0.1357],[0.2278,0.2516,0.1811,0.1615,0.178],[0.208,0.1868,0.2473,0.195,0.163],[0.2379,0.2248,0.2278,0.1612,0.1483],[0.2054,0.2257,0.199,0.1988,0.171],[0.226,0.2041,0.2096,0.1915,0.1689],[0.1926,0.209,0.1833,0.2211,0.194],[0.1906,0.2142,0.2076,0.2095,0.1782],[0.2115,0.2298,0.2003,0.2022,0.1563],[0.2242,0.2022,0.2222,0.2115,0.1399],[0.2364,0.2169,0.2202,0.1657,0.1608],[0.1991,0.2467,0.2193,0.1659,0.169],[0.2289,0.2048,0.1964,0.2263,0.1436],[0.2363,0.2495,0.1803,0.1625,0.1714],[0.194,0.1978,0.2432,0.2254,0.1396],[0.2324,0.221,0.2001,0.194,0.1526],[0.2006,0.2437,0.1853,0.1882,0.1822],[0.2079,0.1931,0.2174,0.2004,0.1812],[0.2126,0.2246,0.1941,0.2059,0.1628],[0.2224,0.1825,0.224,0.2194,0.1516],[0.2247,0.202,0.2237,0.1844,0.1652],[0.2014,0.2175,0.2084,0.2058,0.1668],[0.2446,0.1971,0.2099,0.1989,0.1495],[0.2531,0.1608,0.2408,0.192,0.1532],[0.2119,0.208,0.1893,0.2192,0.1717],[0.2112,0.2486,0.2144,0.1714,0.1544],[0.2177,0.2328,0.2109,0.2021,0.1365],[0.1775,0.2289,0.251,0.1722,0.1705],[0.1945,0.1991,0.2496,0.2002,0.1566],[0.1826,0.2464,0.2136,0.1783,0.179],[0.1707,0.2379,0.2331,0.1748,0.1836],[0.2383,0.2138,0.2179,0.1809,0.1492],[0.2175,0.2107,0.2226,0.1902,0.1591],[0.2159,0.2019,0.2643,0.1716,0.1463],[0.1973,0.2212,0.239,0.195,0.1475],[0.2231,0.2205,0.2094,0.2006,0.1464],[0.1911,0.1999,0.2229,0.2334,0.1528],[0.2443,0.1764,0.2332,0.2034,0.1427],[0.2315,0.2009,0.1949,0.1789,0.1939],[0.242,0.2091,0.2149,0.1933,0.1407],[0.2358,0.1942,0.2145,0.205,0.1505],[0.21,0.2136,0.2246,0.1939,0.158],[0.2063,0.2157,0.2101,0.2127,0.1552],[0.2284,0.1965,0.203,0.2137,0.1584],[0.2375,0.1906,0.2046,0.1856,0.1817],[0.2301,0.1893,0.2342,0.1941,0.1524],[0.2281,0.2165,0.1858,0.1995,0.1701],[0.2212,0.2184,0.1956,0.1888,0.1761],[0.2015,0.2428,0.2294,0.1937,0.1327],[0.2239,0.2027,0.2235,0.1951,0.1548],[0.2262,0.1849,0.1955,0.2287,0.1647],[0.2385,0.2026,0.2032,0.1995,0.1561],[0.2152,0.2019,0.1841,0.2155,0.1834],[0.2418,0.2078,0.2253,0.2027,0.1223],[0.2222,0.2167,0.1989,0.1952,0.1671],[0.1879,0.2193,0.2257,0.216,0.1512],[0.196,0.2221,0.2363,0.1901,0.1554],[0.2158,0.1811,0.2413,0.1896,0.1722],[0.1925,0.2001,0.2221,0.1923,0.193],[0.2393,0.2288,0.1974,0.1936,0.1409],[0.1923,0.2106,0.232,0.1996,0.1655],[0.2246,0.1866,0.2139,0.1891,0.1857],[0.2336,0.2173,0.1876,0.2064,0.1551],[0.2623,0.225,0.1941,0.1759,0.1427],[0.2318,0.2232,0.2207,0.1908,0.1334],[0.2186,0.2057,0.1812,0.2156,0.1788],[0.1911,0.2276,0.201,0.2161,0.1642],[0.2196,0.196,0.2342,0.1817,0.1686],[0.2364,0.1866,0.2162,0.21,0.1508],[0.2249,0.1923,0.2357,0.1701,0.177],[0.1972,0.2545,0.2026,0.1796,0.1662],[0.202,0.2043,0.2227,0.2068,0.1642],[0.2359,0.1969,0.1973,0.2,0.1699],[0.1987,0.2304,0.2251,0.2168,0.1289],[0.1991,0.1873,0.2362,0.2085,0.1689],[0.2378,0.2167,0.1864,0.164,0.1951],[0.2169,0.2481,0.2179,0.1727,0.1444],[0.1983,0.2192,0.2453,0.1694,0.1678],[0.197,0.1963,0.2367,0.2084,0.1616],[0.2226,0.2152,0.2156,0.194,0.1526],[0.2152,0.2185,0.2232,0.1863,0.1569],[0.1988,0.2183,0.2391,0.2069,0.1369],[0.1994,0.2338,0.2096,0.2161,0.1411],[0.1852,0.2025,0.2519,0.2277,0.1327],[0.2268,0.1787,0.2132,0.2023,0.179],[0.2174,0.2146,0.2322,0.2063,0.1295],[0.2335,0.1996,0.2104,0.2086,0.1479],[0.1872,0.2433,0.2118,0.1739,0.1838],[0.2528,0.218,0.1764,0.1829,0.1699],[0.2027,0.2396,0.1822,0.2132,0.1623],[0.1863,0.2177,0.2212,0.2174,0.1575],[0.195,0.2059,0.2102,0.2436,0.1452],[0.2312,0.2001,0.2293,0.1912,0.1482],[0.2462,0.2084,0.2065,0.1793,0.1596],[0.2158,0.2063,0.2034,0.1931,0.1813],[0.2279,0.233,0.2088,0.1686,0.1618],[0.2172,0.2063,0.1843,0.2266,0.1655],[0.2126,0.1796,0.2335,0.196,0.1782],[0.1999,0.1913,0.2223,0.2107,0.1758],[0.2148,0.194,0.2273,0.2181,0.1458],[0.1794,0.2018,0.2693,0.1654,0.184],[0.1955,0.2148,0.2255,0.2078,0.1565],[0.1935,0.1902,0.2153,0.2285,0.1725],[0.2191,0.2279,0.2102,0.1858,0.157],[0.2104,0.2349,0.2042,0.1996,0.151],[0.2513,0.2185,0.2169,0.1698,0.1434],[0.1832,0.2211,0.2197,0.216,0.16],[0.2125,0.2019,0.2393,0.1914,0.1549],[0.2285,0.2292,0.2243,0.1634,0.1545],[0.2141,0.1881,0.2299,0.2063,0.1617],[0.2111,0.1977,0.2143,0.2068,0.1701],[0.2242,0.2227,0.2031,0.1675,0.1824],[0.2351,0.1871,0.2168,0.199,0.162],[0.2021,0.2063,0.2108,0.2044,0.1764],[0.2112,0.1934,0.2639,0.1953,0.1361],[0.2273,0.241,0.203,0.1907,0.138],[0.2295,0.2276,0.2023,0.1869,0.1538],[0.2142,0.2454,0.2115,0.1903,0.1385],[0.2198,0.2249,0.2001,0.1959,0.1593],[0.188,0.1978,0.2711,0.1876,0.1555],[0.1982,0.2333,0.2244,0.1839,0.1603],[0.2121,0.2102,0.187,0.2315,0.1591],[0.21,0.2332,0.2259,0.1947,0.1361],[0.2178,0.234,0.2357,0.1781,0.1344],[0.2168,0.2006,0.207,0.219,0.1565],[0.2289,0.2064,0.2028,0.1914,0.1705],[0.2287,0.1943,0.2032,0.2209,0.153],[0.2084,0.223,0.2337,0.1804,0.1545],[0.2309,0.2159,0.2164,0.1901,0.1467],[0.261,0.2012,0.2073,0.1899,0.1405],[0.2268,0.2178,0.2106,0.204,0.1408],[0.1799,0.2094,0.2189,0.2395,0.1523],[0.2032,0.1982,0.2795,0.1833,0.1358],[0.1981,0.2047,0.2189,0.2095,0.1688],[0.2277,0.2066,0.203,0.1713,0.1914],[0.2343,0.2066,0.2217,0.1925,0.1449],[0.2197,0.2091,0.2133,0.1965,0.1613],[0.2114,0.1905,0.2229,0.2,0.1753],[0.1828,0.2165,0.2574,0.1745,0.1687],[0.1968,0.1748,0.2656,0.2254,0.1374],[0.2277,0.2225,0.1814,0.1849,0.1836],[0.2517,0.1859,0.2231,0.1861,0.1532],[0.2254,0.179,0.2224,0.2261,0.147],[0.2215,0.2006,0.2197,0.1973,0.1609],[0.228,0.2162,0.2446,0.1738,0.1374],[0.1805,0.2266,0.2354,0.215,0.1425],[0.1824,0.2313,0.1921,0.2352,0.1589],[0.2135,0.2031,0.2242,0.1851,0.1741],[0.2039,0.1912,0.2287,0.2145,0.1618],[0.2473,0.1959,0.2118,0.1901,0.1549],[0.2518,0.1724,0.2119,0.2126,0.1514],[0.221,0.2204,0.2204,0.1974,0.1408],[0.2217,0.2077,0.2163,0.2139,0.1404],[0.2206,0.1857,0.2062,0.1959,0.1916],[0.2266,0.2114,0.2035,0.2011,0.1574],[0.2129,0.2429,0.1953,0.1799,0.1689],[0.243,0.213,0.2247,0.1821,0.1372],[0.2533,0.169,0.228,0.1851,0.1646],[0.2305,0.2287,0.2171,0.1682,0.1556],[0.2591,0.2023,0.1964,0.196,0.1462],[0.2069,0.2062,0.2289,0.1995,0.1585],[0.2169,0.1938,0.2074,0.2223,0.1596],[0.2538,0.2161,0.2063,0.1803,0.1435],[0.2119,0.2462,0.2055,0.1816,0.1548],[0.2139,0.2082,0.231,0.1868,0.1601],[0.2077,0.2039,0.225,0.1937,0.1697],[0.1826,0.2142,0.2311,0.1958,0.1763],[0.2373,0.245,0.2002,0.1858,0.1317],[0.2475,0.1851,0.1885,0.2166,0.1622],[0.1967,0.1944,0.2171,0.219,0.1728],[0.2032,0.2049,0.2345,0.2124,0.145],[0.2242,0.2024,0.211,0.2278,0.1347],[0.2058,0.1703,0.2142,0.2272,0.1825],[0.1963,0.1857,0.2221,0.2073,0.1887],[0.2029,0.1855,0.2176,0.2313,0.1628],[0.2369,0.2164,0.2088,0.1789,0.159],[0.2235,0.2528,0.1727,0.1756,0.1754],[0.2557,0.2118,0.1611,0.2228,0.1486],[0.1919,0.2259,0.1972,0.2031,0.1819],[0.2205,0.2187,0.2222,0.1872,0.1515],[0.2201,0.1794,0.2309,0.2196,0.1501],[0.2204,0.1975,0.2057,0.2128,0.1636],[0.2329,0.177,0.2187,0.1989,0.1724],[0.2075,0.1991,0.2018,0.2121,0.1796],[0.1977,0.2311,0.2198,0.2027,0.1488],[0.2149,0.168,0.2291,0.2426,0.1454],[0.2004,0.211,0.2442,0.1787,0.1657],[0.186,0.1829,0.2415,0.2335,0.156],[0.199,0.1933,0.2406,0.2035,0.1636],[0.1946,0.2334,0.2236,0.1727,0.1757],[0.1842,0.1816,0.2302,0.2373,0.1668],[0.2206,0.1928,0.2151,0.2141,0.1574],[0.1898,0.2178,0.251,0.1945,0.1469],[0.2219,0.2049,0.2168,0.1948,0.1616],[0.1875,0.2079,0.2321,0.2121,0.1604],[0.2089,0.1704,0.2419,0.209,0.1698],[0.2695,0.2288,0.201,0.1604,0.1403],[0.2273,0.2042,0.2052,0.2011,0.1623],[0.2243,0.1838,0.2255,0.2038,0.1626],[0.2284,0.2397,0.2203,0.168,0.1436],[0.207,0.2214,0.2316,0.1996,0.1404],[0.2327,0.2159,0.1963,0.1948,0.1603],[0.2022,0.2014,0.2314,0.2074,0.1576],[0.2038,0.2026,0.2009,0.2248,0.1679],[0.2474,0.209,0.192,0.1977,0.1539],[0.2152,0.2307,0.23,0.175,0.1491],[0.2053,0.2154,0.2338,0.1691,0.1765],[0.2158,0.2043,0.2187,0.2194,0.1419],[0.2059,0.219,0.1878,0.2096,0.1776],[0.2243,0.1995,0.1588,0.224,0.1934],[0.2295,0.2084,0.2109,0.2155,0.1357],[0.2225,0.182,0.2358,0.2,0.1597],[0.2173,0.2076,0.2314,0.1778,0.166],[0.1888,0.1919,0.2335,0.2207,0.165],[0.2389,0.2058,0.1859,0.2122,0.1571],[0.196,0.2026,0.2396,0.2041,0.1577],[0.1999,0.1827,0.2325,0.2304,0.1544],[0.1974,0.1962,0.233,0.1897,0.1838],[0.2234,0.1795,0.2333,0.1831,0.1807],[0.2198,0.1878,0.2371,0.1843,0.1708],[0.2192,0.2271,0.2147,0.1971,0.1419],[0.174,0.223,0.2221,0.2146,0.1663],[0.2007,0.2128,0.2121,0.2143,0.1601],[0.2125,0.1973,0.2213,0.2349,0.134],[0.2331,0.2133,0.2111,0.1825,0.16],[0.2071,0.1539,0.2345,0.2053,0.1992],[0.2226,0.2016,0.245,0.2011,0.1297],[0.193,0.2201,0.2178,0.1786,0.1906],[0.2472,0.1991,0.1955,0.2048,0.1535],[0.2124,0.2405,0.1981,0.1894,0.1596],[0.1911,0.2068,0.2549,0.2026,0.1446],[0.2152,0.2107,0.1968,0.2206,0.1567],[0.2416,0.1828,0.197,0.2147,0.1639],[0.199,0.1924,0.2144,0.2343,0.16],[0.2164,0.2137,0.2179,0.201,0.1509],[0.2138,0.21,0.2452,0.2048,0.1261],[0.1876,0.2486,0.2151,0.1884,0.1602],[0.2307,0.1993,0.2298,0.1746,0.1657],[0.2525,0.2127,0.1854,0.1975,0.1518],[0.211,0.2071,0.2244,0.2079,0.1496],[0.1926,0.233,0.1963,0.2199,0.1582],[0.2211,0.21,0.2177,0.196,0.1552],[0.1934,0.2109,0.2404,0.1877,0.1675],[0.2006,0.2065,0.2173,0.2046,0.171],[0.1889,0.2501,0.1958,0.1904,0.1748],[0.212,0.2101,0.196,0.2168,0.1651],[0.1849,0.2269,0.2119,0.2102,0.1661],[0.2153,0.2069,0.2149,0.2163,0.1467],[0.1878,0.2512,0.2241,0.1817,0.1551],[0.2231,0.2097,0.2106,0.1979,0.1586],[0.2201,0.2017,0.228,0.1979,0.1522],[0.2671,0.2031,0.1819,0.1938,0.1541],[0.2141,0.1884,0.1931,0.2391,0.1653],[0.2191,0.2032,0.2079,0.2087,0.161],[0.2216,0.2256,0.2159,0.1807,0.1561],[0.2311,0.2156,0.1964,0.1701,0.1867],[0.2302,0.2141,0.2102,0.1839,0.1615],[0.2154,0.203,0.2334,0.179,0.1691],[0.1852,0.2248,0.2146,0.1985,0.1768],[0.2163,0.2091,0.2219,0.2074,0.1452],[0.2237,0.2409,0.2324,0.1749,0.1281],[0.2088,0.1885,0.2129,0.2389,0.151],[0.1991,0.213,0.2431,0.1922,0.1526],[0.1842,0.2135,0.208,0.196,0.1983],[0.219,0.1809,0.2316,0.1941,0.1744],[0.2411,0.2113,0.2115,0.2013,0.1348],[0.2523,0.2215,0.1931,0.2118,0.1213],[0.2209,0.2264,0.2215,0.198,0.1331],[0.247,0.2024,0.2078,0.2144,0.1284],[0.2379,0.2112,0.2012,0.2195,0.1303],[0.202,0.2049,0.2104,0.2226,0.1602],[0.1972,0.1947,0.2118,0.2211,0.1751],[0.2201,0.232,0.1999,0.2077,0.1402],[0.2305,0.1733,0.264,0.2091,0.123],[0.218,0.2261,0.2019,0.1907,0.1633],[0.2076,0.2402,0.2193,0.1863,0.1465],[0.1915,0.2097,0.2194,0.2024,0.1771],[0.2185,0.2186,0.2035,0.2244,0.1349],[0.231,0.2126,0.1891,0.2125,0.1549],[0.2024,0.2138,0.2103,0.2265,0.147],[0.2156,0.1964,0.2236,0.2017,0.1627],[0.2034,0.2086,0.2365,0.2151,0.1364],[0.1969,0.2163,0.249,0.1867,0.1511],[0.235,0.2218,0.2055,0.1835,0.1541],[0.2077,0.2275,0.232,0.1807,0.1521],[0.2039,0.2091,0.1924,0.218,0.1766],[0.1936,0.2153,0.2197,0.2344,0.1371],[0.2189,0.2063,0.2428,0.1989,0.1331],[0.2352,0.1883,0.2387,0.1734,0.1644],[0.2203,0.1942,0.1978,0.2264,0.1612],[0.1811,0.2002,0.2153,0.2219,0.1816],[0.2007,0.2204,0.2151,0.1991,0.1647],[0.2239,0.1869,0.2079,0.2137,0.1676],[0.1913,0.2122,0.2367,0.1859,0.1739],[0.2183,0.2158,0.2099,0.2082,0.1479],[0.2335,0.2102,0.1916,0.1894,0.1754],[0.2092,0.2139,0.2288,0.1835,0.1647],[0.1655,0.2548,0.2108,0.214,0.1548],[0.2619,0.1911,0.1911,0.1903,0.1655],[0.2086,0.2453,0.1989,0.1679,0.1794],[0.2257,0.1954,0.2125,0.1992,0.1673],[0.1926,0.1994,0.23,0.2106,0.1674],[0.2422,0.2131,0.1957,0.1959,0.1531],[0.2227,0.2108,0.1996,0.2147,0.1522],[0.206,0.2059,0.2022,0.2219,0.164],[0.215,0.212,0.21,0.1769,0.1861],[0.2068,0.2156,0.2166,0.2035,0.1575],[0.2154,0.2091,0.2281,0.1715,0.1758],[0.2147,0.2256,0.1798,0.2317,0.1481],[0.1913,0.2388,0.2177,0.2083,0.1439],[0.2151,0.1999,0.2223,0.2026,0.1601],[0.2279,0.2191,0.1875,0.2257,0.1398],[0.2059,0.2028,0.2324,0.1914,0.1675],[0.1925,0.2363,0.2091,0.2022,0.16],[0.2164,0.2245,0.1946,0.2123,0.1522],[0.2347,0.1782,0.2253,0.2049,0.157],[0.2469,0.2276,0.1782,0.1904,0.1569],[0.2341,0.2069,0.1947,0.214,0.1503],[0.1948,0.1904,0.2363,0.2033,0.1752],[0.2342,0.2056,0.2089,0.1867,0.1646],[0.1882,0.2225,0.2119,0.2107,0.1667],[0.2248,0.2093,0.2204,0.2084,0.1372],[0.2128,0.219,0.2051,0.1715,0.1915],[0.2279,0.2227,0.2159,0.2004,0.1331],[0.1804,0.2266,0.2234,0.2238,0.1459],[0.2392,0.2049,0.2298,0.1688,0.1573],[0.2658,0.2026,0.2273,0.1455,0.1589],[0.2304,0.1832,0.2102,0.1885,0.1877],[0.2167,0.1819,0.2253,0.2153,0.1608],[0.2218,0.2153,0.235,0.2148,0.113],[0.225,0.2295,0.1879,0.1932,0.1643],[0.1865,0.1987,0.2819,0.2126,0.1202],[0.1986,0.2126,0.2262,0.1864,0.1761],[0.2333,0.1911,0.2214,0.1915,0.1628],[0.2433,0.2019,0.2102,0.2095,0.1351],[0.1959,0.2453,0.1828,0.1947,0.1814],[0.1712,0.2559,0.2278,0.1966,0.1485],[0.2368,0.2126,0.2143,0.196,0.1402],[0.2072,0.2065,0.2088,0.2036,0.1738],[0.2213,0.211,0.2054,0.1941,0.1681],[0.2366,0.1819,0.1962,0.2166,0.1687],[0.2312,0.2014,0.2034,0.2074,0.1566],[0.2145,0.2538,0.1893,0.1984,0.144],[0.2172,0.2444,0.211,0.1934,0.134],[0.2192,0.2061,0.2239,0.1883,0.1625],[0.2452,0.1879,0.1881,0.1944,0.1844],[0.2057,0.2232,0.2154,0.2143,0.1414],[0.2097,0.2147,0.2507,0.1854,0.1395],[0.1984,0.2243,0.2173,0.1945,0.1654],[0.2659,0.2046,0.1972,0.1688,0.1635],[0.2332,0.2154,0.2022,0.184,0.1652],[0.2146,0.1957,0.2239,0.2286,0.1372],[0.2204,0.2247,0.2119,0.1967,0.1464],[0.229,0.1964,0.1913,0.1926,0.1906],[0.2048,0.2133,0.2161,0.2066,0.1592],[0.1923,0.229,0.2269,0.1879,0.1639],[0.1986,0.2569,0.1871,0.1749,0.1825],[0.2115,0.1996,0.259,0.2013,0.1287],[0.199,0.1946,0.2346,0.1902,0.1816],[0.2079,0.2139,0.2034,0.207,0.1678],[0.2047,0.2058,0.2162,0.2008,0.1724],[0.2281,0.2303,0.2171,0.1667,0.1578],[0.1801,0.2447,0.2014,0.2267,0.1471],[0.2358,0.1971,0.2304,0.1917,0.145],[0.1846,0.2501,0.2029,0.209,0.1533],[0.2194,0.2007,0.2175,0.1826,0.1797],[0.2081,0.2142,0.2021,0.2334,0.1421],[0.2143,0.2283,0.1998,0.1803,0.1773],[0.2567,0.1899,0.2455,0.1802,0.1277],[0.1984,0.1889,0.2479,0.2178,0.147],[0.2289,0.1834,0.2524,0.1885,0.1468],[0.2499,0.1745,0.2258,0.1781,0.1718],[0.2382,0.2205,0.167,0.2142,0.1602],[0.2029,0.2387,0.2088,0.1901,0.1595],[0.2496,0.2122,0.2063,0.2223,0.1096],[0.1973,0.2111,0.1738,0.235,0.1828],[0.2065,0.213,0.2412,0.1902,0.1491],[0.2044,0.1985,0.218,0.1993,0.1799],[0.1776,0.2529,0.2059,0.2081,0.1555],[0.1993,0.2449,0.1981,0.188,0.1696],[0.2383,0.1985,0.2169,0.1828,0.1635],[0.2533,0.2058,0.1932,0.2126,0.1351],[0.2089,0.1866,0.225,0.2157,0.1638],[0.2492,0.2292,0.1835,0.1762,0.162],[0.189,0.2112,0.224,0.201,0.1747],[0.2059,0.228,0.2281,0.1716,0.1664],[0.2356,0.1878,0.2093,0.2122,0.1551],[0.2195,0.2127,0.2052,0.1999,0.1626],[0.2405,0.2054,0.1967,0.189,0.1685],[0.2364,0.1989,0.2102,0.1918,0.1627],[0.2181,0.2458,0.1969,0.1874,0.1518],[0.2221,0.2564,0.1775,0.1971,0.1469],[0.2502,0.1776,0.2264,0.2018,0.144],[0.2041,0.2117,0.2062,0.2078,0.1702],[0.178,0.2327,0.2309,0.1677,0.1907],[0.1855,0.2194,0.1891,0.1929,0.2131],[0.2095,0.2269,0.2154,0.1609,0.1873],[0.23,0.2073,0.1856,0.223,0.1541],[0.192,0.219,0.2481,0.1971,0.1438],[0.222,0.1938,0.2337,0.1875,0.163],[0.199,0.191,0.2316,0.2208,0.1577],[0.2189,0.1899,0.2338,0.2359,0.1214],[0.2032,0.2091,0.2239,0.2203,0.1435],[0.2265,0.1767,0.2146,0.203,0.1791],[0.2022,0.2224,0.2214,0.1601,0.194],[0.2176,0.1764,0.2329,0.2115,0.1616],[0.2385,0.1986,0.2091,0.1902,0.1636],[0.1798,0.1898,0.224,0.2106,0.1958],[0.1779,0.1986,0.2577,0.203,0.1629],[0.212,0.1861,0.2118,0.1975,0.1926],[0.2027,0.2418,0.2008,0.2066,0.148],[0.2376,0.1955,0.2059,0.2028,0.1582],[0.2207,0.2026,0.2481,0.1751,0.1535],[0.2024,0.2342,0.2103,0.1948,0.1583],[0.1616,0.1906,0.2105,0.2422,0.1951],[0.2277,0.2272,0.1998,0.1846,0.1607],[0.2026,0.2434,0.1848,0.197,0.1722],[0.2405,0.1993,0.2263,0.204,0.1298],[0.2149,0.2096,0.2118,0.1924,0.1714],[0.2127,0.2653,0.2105,0.1716,0.1399],[0.2379,0.2031,0.1983,0.1979,0.1628],[0.2271,0.1983,0.2063,0.2118,0.1566],[0.2014,0.2388,0.2084,0.2014,0.15],[0.1934,0.2299,0