["[{\"p_chain\":[[0.1971,0.2142,0.1754,0.2223,0.1911],[0.1893,0.1986,0.234,0.2037,0.1745],[0.151,0.2221,0.2221,0.3823,0.0225],[0.1284,0.2061,0.2432,0.3954,0.0269],[0.1106,0.232,0.2367,0.3999,0.0208],[0.0978,0.259,0.2179,0.3983,0.0271],[0.1207,0.2315,0.2123,0.4149,0.0206],[0.1393,0.1899,0.259,0.3871,0.0247],[0.139,0.2382,0.2249,0.3697,0.0281],[0.1107,0.2256,0.2125,0.4241,0.0271],[0.1139,0.1931,0.2569,0.4217,0.0145],[0.117,0.2253,0.268,0.3741,0.0156],[0.0907,0.2013,0.2583,0.434,0.0156],[0.0959,0.214,0.239,0.424,0.0271],[0.0884,0.2216,0.2437,0.4315,0.0148],[0.0764,0.2169,0.241,0.46,0.0057],[0.063,0.2448,0.2193,0.4557,0.0172],[0.1023,0.2428,0.2598,0.3872,0.008],[0.1186,0.2496,0.2204,0.3962,0.0153],[0.1203,0.1894,0.2789,0.3971,0.0143],[0.0897,0.2413,0.2595,0.3937,0.0158],[0.0947,0.2112,0.2699,0.4066,0.0176],[0.111,0.2143,0.2505,0.4097,0.0144],[0.0779,0.2168,0.2498,0.4386,0.017],[0.0985,0.1939,0.2661,0.4156,0.0259],[0.0964,0.1932,0.2667,0.4235,0.0202],[0.0971,0.2224,0.2535,0.3985,0.0285],[0.1223,0.2332,0.2362,0.3903,0.0181],[0.1232,0.2051,0.2699,0.3838,0.018],[0.1196,0.2111,0.2576,0.3929,0.0189],[0.1107,0.2041,0.2574,0.4049,0.0228],[0.1188,0.2412,0.238,0.3848,0.0173],[0.0867,0.2256,0.2325,0.4458,0.0095],[0.0833,0.2275,0.2446,0.4248,0.0198],[0.0718,0.2174,0.2965,0.3972,0.017],[0.1025,0.2534,0.2083,0.4098,0.026],[0.1008,0.2148,0.2711,0.3965,0.0168],[0.093,0.2118,0.2555,0.4289,0.0108],[0.1101,0.2103,0.2604,0.4132,0.0061],[0.1018,0.2307,0.251,0.3981,0.0183],[0.0884,0.2128,0.248,0.4372,0.0136],[0.0768,0.233,0.2506,0.4124,0.0272],[0.0961,0.2451,0.239,0.4029,0.017],[0.1071,0.2336,0.2463,0.393,0.02],[0.1151,0.2444,0.2382,0.3904,0.012],[0.1051,0.229,0.2765,0.3727,0.0166],[0.0794,0.2704,0.255,0.3854,0.0098],[0.0843,0.2226,0.23,0.4408,0.0223],[0.0784,0.238,0.2251,0.4433,0.0153],[0.1351,0.2317,0.19,0.4224,0.0208],[0.113,0.2282,0.2179,0.4219,0.019],[0.1064,0.2429,0.2465,0.3828,0.0214],[0.0838,0.223,0.2552,0.4126,0.0254],[0.0862,0.2229,0.2619,0.4096,0.0194],[0.1165,0.2502,0.2357,0.3837,0.014],[0.1304,0.2504,0.2172,0.3886,0.0135],[0.1393,0.2132,0.2119,0.4081,0.0276],[0.1307,0.2061,0.2141,0.4264,0.0226],[0.0973,0.2056,0.2132,0.4372,0.0466],[0.1192,0.2542,0.1929,0.3875,0.0462],[0.1775,0.1917,0.2011,0.4007,0.029],[0.12,0.2463,0.19,0.4205,0.0233],[0.1547,0.1968,0.2324,0.3816,0.0345],[0.1222,0.2566,0.2604,0.3267,0.0341],[0.0866,0.2254,0.2267,0.4343,0.027],[0.0795,0.2546,0.2297,0.4104,0.0259],[0.0697,0.2301,0.1978,0.4811,0.0212],[0.0762,0.2199,0.2306,0.4564,0.0168],[0.0981,0.1983,0.1986,0.4703,0.0346],[0.0811,0.2075,0.251,0.4432,0.0172],[0.0546,0.1928,0.261,0.4768,0.0148],[0.0366,0.2204,0.2803,0.4498,0.0129],[0.0268,0.1856,0.2841,0.4887,0.0147],[0.0228,0.1954,0.2486,0.5135,0.0197],[0.0258,0.2932,0.1838,0.473,0.0241],[0.0247,0.2512,0.2266,0.4781,0.0194],[0.0151,0.2113,0.2296,0.5115,0.0324],[0.0207,0.2456,0.1885,0.5311,0.0141],[0.0084,0.2235,0.2404,0.5097,0.018],[0.0188,0.2203,0.2132,0.5254,0.0224],[0.0244,0.207,0.2392,0.4992,0.0302],[0.0478,0.1918,0.2692,0.4745,0.0166],[0.0223,0.2222,0.2742,0.4631,0.0182],[0.0272,0.2091,0.2082,0.5367,0.0187],[0.0457,0.2292,0.2281,0.4816,0.0155],[0.043,0.2286,0.2378,0.4735,0.0171],[0.0498,0.2321,0.2642,0.4402,0.0137],[0.043,0.2095,0.2266,0.489,0.0319],[0.0378,0.2177,0.2265,0.4994,0.0186],[0.0462,0.2164,0.2258,0.4911,0.0205],[0.0511,0.2151,0.2371,0.4781,0.0186],[0.0738,0.2334,0.2255,0.4358,0.0314],[0.0705,0.2334,0.2332,0.4419,0.0209],[0.0566,0.2149,0.1988,0.5016,0.028],[0.0519,0.2131,0.2245,0.4741,0.0364],[0.0587,0.2209,0.2291,0.4673,0.024],[0.0633,0.2236,0.2372,0.4626,0.0133],[0.1011,0.2074,0.2368,0.4406,0.0142],[0.0825,0.2236,0.2074,0.4684,0.0181],[0.0922,0.2508,0.2106,0.4234,0.0231],[0.0995,0.2125,0.2035,0.4601,0.0245],[0.0898,0.2185,0.229,0.4444,0.0184],[0.0813,0.2134,0.2229,0.4653,0.0171],[0.1012,0.231,0.2083,0.4291,0.0303],[0.0976,0.2175,0.2023,0.4564,0.0262],[0.1091,0.2181,0.2025,0.4537,0.0165],[0.0839,0.2054,0.2567,0.4372,0.0168],[0.086,0.2327,0.2257,0.4171,0.0386],[0.0839,0.2314,0.2171,0.4468,0.0207],[0.0873,0.1965,0.1955,0.498,0.0227],[0.056,0.2173,0.2152,0.4704,0.0411],[0.0771,0.1899,0.2014,0.5025,0.0291],[0.0604,0.2386,0.2243,0.4551,0.0216],[0.0689,0.2216,0.214,0.4761,0.0193],[0.0282,0.204,0.224,0.5264,0.0172],[0.05,0.2175,0.2463,0.4645,0.0217],[0.0631,0.2383,0.2367,0.4478,0.0141],[0.0712,0.2428,0.2201,0.4558,0.0101],[0.0716,0.2287,0.1985,0.4823,0.0189],[0.0809,0.2304,0.2214,0.4472,0.0201],[0.1053,0.2357,0.213,0.4173,0.0287],[0.1129,0.2119,0.2199,0.4304,0.0249],[0.1166,0.2474,0.2432,0.3684,0.0244],[0.1166,0.2062,0.207,0.4553,0.015],[0.125,0.2202,0.2396,0.4022,0.013],[0.115,0.2328,0.2194,0.4195,0.0134],[0.1343,0.2013,0.2116,0.4278,0.0251],[0.1454,0.212,0.2136,0.4123,0.0166],[0.1396,0.2366,0.2216,0.3709,0.0313],[0.0977,0.224,0.2134,0.4316,0.0333],[0.1266,0.2074,0.2212,0.4184,0.0265],[0.1379,0.1996,0.2291,0.403,0.0303],[0.1515,0.2131,0.2116,0.397,0.0268],[0.1382,0.1959,0.2173,0.4181,0.0305],[0.1512,0.2147,0.219,0.3955,0.0196],[0.1645,0.2071,0.2001,0.4149,0.0135],[0.1529,0.2366,0.1899,0.405,0.0156],[0.1197,0.2257,0.226,0.4191,0.0096],[0.1521,0.2388,0.2072,0.3872,0.0147],[0.1255,0.2262,0.2318,0.3953,0.0212],[0.1688,0.2079,0.2193,0.3817,0.0223],[0.1635,0.2441,0.2172,0.3556,0.0197],[0.1678,0.2045,0.1931,0.4078,0.0268],[0.1609,0.2282,0.2206,0.3615,0.0288],[0.1412,0.2136,0.2323,0.3887,0.0242],[0.1226,0.2243,0.2267,0.3947,0.0318],[0.1594,0.1961,0.2305,0.3913,0.0226],[0.1589,0.2094,0.2285,0.3808,0.0225],[0.1523,0.2291,0.2096,0.3862,0.0228],[0.1373,0.2244,0.2121,0.4074,0.0188],[0.153,0.201,0.2052,0.4261,0.0146],[0.1549,0.1981,0.2333,0.3914,0.0223],[0.161,0.2135,0.1976,0.4042,0.0237],[0.1781,0.2025,0.2111,0.374,0.0343],[0.1677,0.217,0.236,0.3557,0.0235],[0.1497,0.1764,0.2332,0.4264,0.0144],[0.1594,0.2121,0.2031,0.3873,0.0381],[0.1419,0.2104,0.2152,0.405,0.0274],[0.1398,0.2102,0.2402,0.3783,0.0316],[0.1587,0.1953,0.2214,0.3918,0.0328],[0.1487,0.1992,0.2226,0.4043,0.0252],[0.1726,0.2138,0.2158,0.3645,0.0333],[0.1144,0.2118,0.1988,0.4515,0.0235],[0.1774,0.2145,0.2242,0.3599,0.024],[0.1295,0.2193,0.2328,0.4022,0.0162],[0.1449,0.1912,0.248,0.3861,0.0298],[0.1741,0.2146,0.1784,0.4062,0.0266],[0.1461,0.2261,0.194,0.4057,0.028],[0.1618,0.243,0.1947,0.3897,0.0109],[0.1517,0.2043,0.2016,0.4195,0.0229],[0.161,0.1892,0.2068,0.403,0.04],[0.1992,0.1745,0.2121,0.3733,0.0408],[0.1609,0.1877,0.2068,0.4041,0.0405],[0.1792,0.2038,0.2039,0.3786,0.0345],[0.155,0.192,0.1856,0.4501,0.0173],[0.1566,0.2318,0.2262,0.359,0.0264],[0.1567,0.1929,0.2151,0.4036,0.0317],[0.1594,0.2025,0.2063,0.3907,0.0411],[0.1525,0.1919,0.2115,0.4217,0.0223],[0.168,0.1885,0.1931,0.4142,0.0362],[0.1471,0.2086,0.205,0.4012,0.038],[0.1372,0.2311,0.2203,0.3722,0.0392],[0.1314,0.2362,0.232,0.3755,0.0249],[0.15,0.1908,0.2135,0.4184,0.0273],[0.1557,0.2248,0.2422,0.3448,0.0325],[0.132,0.1883,0.2006,0.4448,0.0343],[0.1205,0.2067,0.2001,0.4524,0.0203],[0.1501,0.1954,0.2164,0.4151,0.0231],[0.121,0.2018,0.2262,0.4226,0.0285],[0.1364,0.2,0.2154,0.4239,0.0243],[0.1061,0.2037,0.246,0.415,0.0291],[0.1827,0.208,0.2153,0.3688,0.0252],[0.1382,0.1776,0.218,0.4144,0.0518],[0.143,0.2098,0.2041,0.4144,0.0286],[0.134,0.2416,0.1932,0.4061,0.0251],[0.1153,0.2379,0.1828,0.4382,0.0258],[0.1101,0.2094,0.2092,0.4465,0.0248],[0.1182,0.1953,0.2471,0.3986,0.0407],[0.1423,0.2046,0.2102,0.4204,0.0223],[0.1344,0.2062,0.2049,0.4235,0.031],[0.1262,0.1933,0.221,0.4468,0.0129],[0.0974,0.2234,0.2113,0.4407,0.0272],[0.128,0.2322,0.1867,0.4288,0.0243],[0.1022,0.2402,0.1851,0.4415,0.031],[0.1117,0.1861,0.234,0.435,0.0333],[0.1282,0.1837,0.2211,0.4534,0.0135],[0.1223,0.1807,0.219,0.4572,0.0207],[0.0846,0.2135,0.2369,0.4416,0.0234],[0.1153,0.1799,0.2373,0.4383,0.0293],[0.1166,0.1777,0.2274,0.4444,0.0339],[0.1067,0.2027,0.2354,0.4138,0.0414],[0.1279,0.174,0.2325,0.4371,0.0285],[0.1146,0.17,0.2267,0.4724,0.0163],[0.1169,0.2254,0.2053,0.4333,0.0191],[0.0898,0.2118,0.2242,0.4355,0.0387],[0.106,0.2069,0.2353,0.4202,0.0315],[0.1183,0.2208,0.1999,0.4367,0.0244],[0.1209,0.2282,0.1974,0.4248,0.0287],[0.1454,0.1795,0.2305,0.4153,0.0292],[0.1203,0.203,0.2079,0.4292,0.0395],[0.1257,0.2138,0.194,0.4303,0.0361],[0.1212,0.1916,0.2158,0.4402,0.0312],[0.1236,0.1926,0.2589,0.3923,0.0326],[0.1055,0.2204,0.247,0.399,0.0281],[0.1198,0.2004,0.2421,0.39,0.0476],[0.0682,0.211,0.257,0.4296,0.0341],[0.1108,0.2125,0.2056,0.4326,0.0384],[0.1291,0.1639,0.2259,0.4411,0.0401],[0.0951,0.1879,0.2279,0.4689,0.0202],[0.0953,0.2251,0.2109,0.4284,0.0403],[0.0902,0.2123,0.2199,0.4438,0.0338],[0.1168,0.2269,0.1939,0.4305,0.0319],[0.1287,0.1856,0.1932,0.4512,0.0413],[0.1309,0.1974,0.22,0.4104,0.0413],[0.1281,0.2414,0.2082,0.3946,0.0276],[0.0992,0.2112,0.1726,0.4549,0.0621],[0.1218,0.1865,0.2118,0.4203,0.0595],[0.0962,0.2287,0.2458,0.3977,0.0316],[0.1076,0.1902,0.252,0.4307,0.0195],[0.1039,0.2117,0.2135,0.4479,0.0231],[0.0949,0.2052,0.2334,0.4253,0.0411],[0.0862,0.2005,0.2449,0.4257,0.0427],[0.0705,0.2214,0.2334,0.4502,0.0245],[0.0843,0.2213,0.2054,0.456,0.0331],[0.0963,0.235,0.207,0.4207,0.041],[0.096,0.2264,0.2563,0.384,0.0374],[0.0956,0.2364,0.2168,0.4182,0.033],[0.1075,0.1776,0.2456,0.4423,0.0269],[0.1029,0.1953,0.234,0.4251,0.0427],[0.0921,0.2144,0.2587,0.4056,0.0293],[0.086,0.2457,0.2137,0.4235,0.0312],[0.1057,0.2139,0.1966,0.442,0.0418],[0.0792,0.2202,0.2008,0.4617,0.0381],[0.0922,0.2145,0.2552,0.4061,0.0319],[0.0937,0.2108,0.2158,0.457,0.0227],[0.0981,0.1954,0.2145,0.4539,0.038],[0.0708,0.2089,0.2192,0.461,0.0401],[0.0697,0.2182,0.2276,0.4405,0.044],[0.0858,0.2332,0.217,0.4445,0.0196],[0.0905,0.2292,0.2125,0.4454,0.0224],[0.072,0.181,0.2417,0.4792,0.0262],[0.0634,0.2303,0.2529,0.424,0.0295],[0.0668,0.2178,0.2763,0.4161,0.023],[0.0784,0.2298,0.1918,0.4758,0.0242],[0.0468,0.2004,0.2042,0.5157,0.0328],[0.0535,0.1941,0.1991,0.5222,0.0312],[0.0609,0.1892,0.2229,0.4877,0.0393],[0.0843,0.227,0.2111,0.4247,0.053],[0.0763,0.2272,0.1794,0.4852,0.0319],[0.0492,0.2317,0.2111,0.4814,0.0266],[0.0371,0.208,0.2204,0.5075,0.027],[0.0402,0.2203,0.2078,0.5032,0.0285],[0.0313,0.2206,0.2038,0.5234,0.0209],[0.0294,0.2196,0.2101,0.5035,0.0374],[0.0199,0.227,0.1951,0.5269,0.0312],[0.0235,0.2218,0.2064,0.5133,0.0351],[0.0166,0.1857,0.2504,0.5131,0.0343],[0.02,0.212,0.2231,0.5254,0.0195],[0.0151,0.2,0.2508,0.5007,0.0334],[0.0122,0.223,0.2137,0.5209,0.0302],[0.0376,0.2101,0.2073,0.5091,0.0359],[0.0248,0.2156,0.2058,0.5143,0.0395],[0.0288,0.2205,0.221,0.4959,0.0338],[0.0289,0.2311,0.2445,0.457,0.0385],[0.0442,0.1935,0.2297,0.5002,0.0323],[0.0551,0.2266,0.2141,0.4618,0.0424],[0.0472,0.1985,0.2044,0.5018,0.0481],[0.0271,0.2354,0.1792,0.4998,0.0586],[0.0352,0.232,0.1859,0.5056,0.0413],[0.0249,0.2125,0.2228,0.506,0.0337],[0.0276,0.2226,0.2113,0.5035,0.035],[0.0273,0.2253,0.1947,0.5125,0.0402],[0.0383,0.2192,0.2163,0.4919,0.0342],[0.0386,0.1953,0.1943,0.5385,0.0334],[0.0401,0.2244,0.2121,0.4755,0.0479],[0.0311,0.1974,0.2183,0.5144,0.0388],[0.0393,0.2479,0.195,0.4829,0.0349],[0.041,0.2003,0.2016,0.4878,0.0692],[0.043,0.2155,0.2163,0.4929,0.0323],[0.0494,0.2053,0.2192,0.5074,0.0187],[0.0541,0.2216,0.2041,0.502,0.0183],[0.0754,0.2233,0.2122,0.4601,0.029],[0.0669,0.2148,0.2336,0.4641,0.0206],[0.0883,0.1957,0.1923,0.4855,0.0382],[0.067,0.1976,0.2158,0.4733,0.0463],[0.0492,0.2307,0.2368,0.443,0.0402],[0.0728,0.2074,0.2284,0.4603,0.0311],[0.075,0.2084,0.2406,0.435,0.041],[0.0451,0.2157,0.2164,0.4993,0.0236],[0.033,0.2382,0.2009,0.5032,0.0246],[0.0357,0.2404,0.2109,0.4865,0.0265],[0.0495,0.218,0.2134,0.499,0.0201],[0.0527,0.1804,0.2253,0.5172,0.0243],[0.0576,0.2478,0.1912,0.4753,0.0281],[0.0469,0.245,0.2156,0.4699,0.0225],[0.0368,0.2134,0.229,0.4836,0.0372],[0.064,0.2056,0.2254,0.48,0.0251],[0.051,0.2574,0.2086,0.4673,0.0156],[0.0479,0.2397,0.2073,0.4786,0.0264],[0.0515,0.2197,0.1971,0.5,0.0317],[0.0525,0.2096,0.2204,0.4748,0.0427],[0.0588,0.2224,0.185,0.4867,0.0472],[0.0571,0.2098,0.2179,0.4934,0.0219],[0.0432,0.2165,0.2364,0.4748,0.0292],[0.0458,0.2151,0.1978,0.5042,0.0371],[0.0424,0.211,0.2033,0.506,0.0374],[0.0592,0.2326,0.2331,0.4585,0.0166],[0.0375,0.2457,0.2301,0.4665,0.0202],[0.0429,0.2157,0.2261,0.4823,0.0329],[0.0293,0.2123,0.2785,0.4369,0.043],[0.0451,0.2323,0.2011,0.4976,0.0238],[0.0331,0.1858,0.1887,0.5554,0.0371],[0.0447,0.1874,0.2111,0.517,0.0399],[0.0264,0.2145,0.2154,0.5086,0.035],[0.0154,0.2213,0.2231,0.5117,0.0285],[0.0149,0.2371,0.2123,0.4862,0.0495],[0.019,0.2151,0.1861,0.5364,0.0433],[0.0138,0.2076,0.2607,0.4905,0.0274],[0.0171,0.2021,0.2562,0.5071,0.0175],[0.0076,0.2267,0.2235,0.5224,0.0198],[0.0034,0.2468,0.2247,0.506,0.0192],[0.002,0.2328,0.2151,0.517,0.0332],[0.0045,0.2196,0.2058,0.5301,0.0401],[0.0012,0.2122,0.2073,0.5357,0.0436],[0.0008,0.2108,0.1953,0.5467,0.0464],[0.0001,0.2067,0.2212,0.5449,0.0271],[0,0.2288,0.1897,0.5458,0.0357],[0.0005,0.2265,0.203,0.539,0.031],[3.3998e-07,0.2252,0.2218,0.5293,0.0237],[0.0001,0.2184,0.1967,0.556,0.0287],[0.0003,0.2001,0.2572,0.5204,0.0221],[3.9287e-07,0.1737,0.221,0.5822,0.0231],[2.1804e-06,0.2191,0.248,0.5181,0.0147],[0,0.1982,0.1994,0.5717,0.0306],[0.0005,0.2271,0.1987,0.5458,0.0279],[2.5484e-06,0.2011,0.2327,0.5374,0.0287],[0.0004,0.2081,0.2497,0.4984,0.0434],[0,0.2247,0.2052,0.5152,0.0548],[0.0014,0.2459,0.1816,0.5287,0.0424],[0.0063,0.2174,0.2207,0.5245,0.0311],[0.0127,0.1941,0.2012,0.5566,0.0353],[0.0071,0.2259,0.196,0.5415,0.0295],[0.0023,0.2612,0.2096,0.4927,0.0342],[0.0018,0.2316,0.1753,0.5217,0.0696],[0.0006,0.2496,0.181,0.5122,0.0567],[2.4924e-08,0.2237,0.1911,0.5388,0.0464],[0.0036,0.2767,0.1772,0.4995,0.0429],[0.006,0.2383,0.2034,0.5171,0.0351],[0.0088,0.2096,0.191,0.5498,0.0408],[0.0008,0.223,0.2129,0.5185,0.0449],[0.0012,0.2379,0.2024,0.4968,0.0616],[0.0017,0.2338,0.2492,0.4664,0.049],[6.0971e-07,0.2666,0.2263,0.4524,0.0547],[0.0001,0.2048,0.1972,0.5514,0.0465],[0.0002,0.2459,0.2016,0.5162,0.0362],[0.0001,0.2229,0.1918,0.5397,0.0454],[0,0.2152,0.2248,0.5052,0.0548],[3.6248e-09,0.2026,0.204,0.5414,0.052],[0.0007,0.2042,0.2317,0.5085,0.0548],[6.778e-07,0.2288,0.2176,0.5038,0.0497],[5.6328e-10,0.2426,0.2011,0.5014,0.0549],[1.8184e-06,0.2079,0.2178,0.5198,0.0546],[0.0001,0.2152,0.2045,0.5386,0.0416],[0.0001,0.2156,0.2105,0.5403,0.0334],[0,0.2073,0.2252,0.5271,0.0403],[6.3663e-08,0.2423,0.1791,0.5545,0.024],[0.0011,0.2086,0.2046,0.5499,0.0359],[0.0048,0.2179,0.2123,0.53,0.0351],[0.0116,0.2165,0.1901,0.533,0.0488],[0.0058,0.2423,0.2075,0.511,0.0335],[1.0082e-08,0.2244,0.1727,0.5567,0.0461],[2.7976e-08,0.2261,0.2042,0.5409,0.0288],[0.0015,0.1949,0.2046,0.5642,0.0348],[1.0475e-06,0.2263,0.1918,0.5451,0.0368],[0.0001,0.2145,0.1908,0.5544,0.0401],[0.0002,0.2383,0.2122,0.5067,0.0427],[2.071e-06,0.237,0.2061,0.5295,0.0273],[0.0001,0.2026,0.2078,0.5719,0.0176],[0.0002,0.2021,0.2122,0.5495,0.0359],[0,0.1984,0.1984,0.5377,0.0655],[3.3251e-08,0.223,0.1911,0.5228,0.063],[4.2323e-10,0.2199,0.1803,0.5371,0.0627],[0.0006,0.2582,0.1871,0.4958,0.0582],[0.0001,0.2214,0.1702,0.5554,0.0529],[0.0001,0.2316,0.2195,0.4987,0.0502],[0.0002,0.2052,0.1981,0.5654,0.0312],[0.0001,0.2068,0.1899,0.5461,0.0571],[0,0.2192,0.2006,0.5349,0.0454],[0.0005,0.214,0.2171,0.5094,0.0589],[0.0016,0.2527,0.1934,0.5007,0.0517],[0.003,0.2028,0.1669,0.5802,0.0471],[0.0073,0.1829,0.2134,0.5497,0.0467],[0.0067,0.2445,0.1784,0.5189,0.0515],[0.0074,0.2285,0.2066,0.5132,0.0444],[0.0121,0.2189,0.1932,0.5227,0.0531],[0.0346,0.2129,0.1627,0.5239,0.0658],[0.0186,0.2204,0.1778,0.5198,0.0634],[0.0198,0.2143,0.2164,0.496,0.0533],[0.0229,0.2029,0.1913,0.5407,0.0422],[0.0233,0.255,0.22,0.4674,0.0343],[0.0256,0.2434,0.1562,0.5342,0.0406],[0.0312,0.202,0.1619,0.5472,0.0577],[0.0161,0.1884,0.1961,0.5496,0.0497],[0.0415,0.2053,0.1837,0.5168,0.0527],[0.0365,0.2207,0.1704,0.5355,0.0369],[0.0358,0.2231,0.2191,0.4834,0.0386],[0.0284,0.2412,0.1862,0.491,0.0531],[0.0464,0.2335,0.1775,0.5012,0.0414],[0.0501,0.2206,0.1977,0.483,0.0486],[0.0453,0.2581,0.1886,0.4763,0.0316],[0.0366,0.2272,0.1934,0.49,0.0529],[0.0304,0.2218,0.195,0.4914,0.0615],[0.0263,0.2477,0.1667,0.4955,0.0637],[0.0389,0.2472,0.1776,0.4813,0.055],[0.0332,0.209,0.172,0.543,0.0428],[0.0492,0.2139,0.1598,0.5263,0.0509],[0.037,0.2083,0.1686,0.5284,0.0577],[0.0396,0.2501,0.148,0.5226,0.0398],[0.0668,0.2495,0.1552,0.4781,0.0504],[0.0481,0.2262,0.1428,0.5061,0.0768],[0.052,0.2083,0.1629,0.4936,0.0832],[0.0497,0.2346,0.1361,0.511,0.0686],[0.041,0.1897,0.1704,0.5108,0.0881],[0.0378,0.2225,0.1851,0.4801,0.0745],[0.0462,0.2296,0.1423,0.5049,0.0769],[0.0288,0.2104,0.1484,0.5218,0.0906],[0.0146,0.2092,0.1465,0.5368,0.0928],[0.0271,0.2393,0.1317,0.5109,0.091],[0.019,0.2021,0.1363,0.5405,0.1022],[0.0363,0.2184,0.1579,0.4875,0.0998],[0.0379,0.2192,0.1609,0.5249,0.057],[0.0296,0.2191,0.1671,0.515,0.0692],[0.0241,0.2462,0.138,0.5065,0.0852],[0.0318,0.2282,0.1413,0.517,0.0817],[0.0559,0.2586,0.1508,0.4514,0.0834],[0.0441,0.2098,0.1249,0.5284,0.0928],[0.0315,0.2004,0.1348,0.5474,0.0858],[0.0496,0.2246,0.1084,0.53,0.0875],[0.05,0.2092,0.1135,0.5394,0.0879],[0.0436,0.2267,0.1489,0.4877,0.0931],[0.0552,0.1914,0.1444,0.5255,0.0835],[0.0796,0.2204,0.1307,0.4803,0.089],[0.0777,0.2374,0.1322,0.4799,0.0728],[0.0556,0.2358,0.1489,0.4966,0.0631],[0.0266,0.2019,0.1149,0.5451,0.1116],[0.034,0.2115,0.1223,0.5154,0.1168],[0.0724,0.1993,0.121,0.4928,0.1145],[0.0676,0.2648,0.1109,0.4317,0.1249],[0.0897,0.1966,0.1316,0.471,0.1111],[0.086,0.238,0.0991,0.4526,0.1243],[0.0776,0.2557,0.0877,0.4582,0.1208],[0.0758,0.2384,0.111,0.4541,0.1206],[0.0759,0.2177,0.1086,0.473,0.1248],[0.0627,0.2301,0.1079,0.4762,0.1231],[0.059,0.2132,0.094,0.4685,0.1653],[0.0408,0.2149,0.1011,0.4734,0.1699],[0.0455,0.2036,0.0987,0.5223,0.1299],[0.0511,0.2209,0.0943,0.4932,0.1406],[0.0697,0.2195,0.0767,0.511,0.1231],[0.076,0.2404,0.0824,0.4666,0.1346],[0.0787,0.2209,0.1039,0.4322,0.1643],[0.0599,0.2467,0.091,0.4524,0.15],[0.0746,0.231,0.1004,0.4667,0.1273],[0.0869,0.2211,0.0956,0.4651,0.1312],[0.0563,0.2103,0.0767,0.5122,0.1444],[0.0701,0.2375,0.0785,0.4796,0.1344],[0.0759,0.2099,0.083,0.4749,0.1562],[0.0576,0.2338,0.1107,0.4503,0.1476],[0.0868,0.2328,0.0957,0.4563,0.1284],[0.0761,0.2135,0.0891,0.4723,0.1491],[0.0747,0.2279,0.0937,0.4521,0.1517],[0.0667,0.2699,0.0821,0.4455,0.1358],[0.0525,0.2196,0.0919,0.465,0.1711],[0.0579,0.2505,0.0823,0.4788,0.1305],[0.0724,0.2315,0.0854,0.4434,0.1674],[0.0647,0.1956,0.0906,0.5179,0.1313],[0.07,0.2282,0.0761,0.4512,0.1744],[0.0691,0.2463,0.0917,0.4323,0.1607],[0.0872,0.1912,0.0929,0.466,0.1627],[0.0767,0.2238,0.0888,0.4706,0.14],[0.0672,0.2253,0.0896,0.4512,0.1667],[0.0588,0.263,0.1222,0.4199,0.1361],[0.0754,0.1917,0.1048,0.4723,0.1558],[0.066,0.2294,0.076,0.499,0.1297],[0.0655,0.244,0.0886,0.4555,0.1464],[0.0924,0.224,0.0819,0.4694,0.1323],[0.1173,0.1811,0.1032,0.4168,0.1816],[0.1123,0.2471,0.1001,0.4145,0.126],[0.113,0.2408,0.1109,0.3889,0.1465],[0.0739,0.25,0.0821,0.4335,0.1605],[0.1095,0.2331,0.0801,0.3958,0.1815],[0.1135,0.2174,0.0638,0.4157,0.1896],[0.087,0.2252,0.0836,0.4324,0.1718],[0.0971,0.2318,0.0921,0.426,0.153],[0.1237,0.2185,0.0863,0.4298,0.1417],[0.1163,0.2023,0.0747,0.427,0.1797],[0.1161,0.2527,0.0858,0.4145,0.1309],[0.1326,0.2506,0.0955,0.3939,0.1274],[0.134,0.2313,0.1198,0.4066,0.1083],[0.1092,0.2509,0.0892,0.4436,0.1071],[0.1154,0.2176,0.1126,0.4354,0.1189],[0.1232,0.2641,0.0786,0.3972,0.1369],[0.1345,0.2417,0.0937,0.3998,0.1303],[0.1125,0.2524,0.1005,0.3865,0.148],[0.1274,0.1988,0.1125,0.4166,0.1447],[0.1221,0.2086,0.1215,0.4432,0.1046],[0.101,0.2144,0.0855,0.4468,0.1523],[0.0984,0.2176,0.1007,0.441,0.1424],[0.1224,0.2106,0.0978,0.4236,0.1455],[0.1262,0.2129,0.0948,0.4443,0.1219],[0.0872,0.215,0.1267,0.4448,0.1262],[0.069,0.2315,0.0891,0.4799,0.1305],[0.0568,0.225,0.1137,0.475,0.1295],[0.0824,0.2292,0.1177,0.4422,0.1285],[0.116,0.2239,0.1597,0.4121,0.0883],[0.1289,0.2145,0.1457,0.4052,0.1056],[0.141,0.2013,0.1143,0.4543,0.089],[0.1309,0.2254,0.1334,0.4029,0.1074],[0.1158,0.2286,0.1104,0.4363,0.1089],[0.0931,0.254,0.1344,0.4068,0.1117],[0.1077,0.2541,0.1557,0.4239,0.0587],[0.1377,0.2483,0.1289,0.4189,0.0662],[0.1281,0.2469,0.132,0.3993,0.0938],[0.1084,0.2941,0.1267,0.3685,0.1023],[0.088,0.2268,0.116,0.4584,0.1109],[0.1007,0.2265,0.1007,0.4676,0.1045],[0.065,0.2711,0.1265,0.4226,0.1147],[0.0789,0.2094,0.1259,0.4888,0.097],[0.0759,0.2257,0.1316,0.4731,0.0937],[0.0628,0.2191,0.1064,0.4782,0.1335],[0.0578,0.2233,0.1088,0.4906,0.1195],[0.0657,0.2247,0.1019,0.4849,0.1227],[0.0776,0.2026,0.1067,0.4941,0.1191],[0.0886,0.2353,0.1244,0.4486,0.1031],[0.095,0.2124,0.1347,0.4423,0.1157],[0.088,0.2629,0.1165,0.4296,0.1029],[0.098,0.2446,0.0983,0.4449,0.1142],[0.1633,0.2004,0.1181,0.3893,0.1289],[0.1075,0.2277,0.1098,0.4123,0.1427],[0.1175,0.1903,0.1152,0.462,0.115],[0.1207,0.1851,0.118,0.4707,0.1054],[0.1108,0.2421,0.0966,0.4034,0.1471],[0.1073,0.2175,0.0985,0.4715,0.1052],[0.1071,0.2628,0.0981,0.3764,0.1556],[0.1337,0.235,0.1019,0.3992,0.1303],[0.1286,0.2342,0.1273,0.3945,0.1154],[0.1242,0.2451,0.1015,0.3884,0.1408],[0.1406,0.2153,0.0762,0.4061,0.1618],[0.145,0.282,0.0975,0.3715,0.104],[0.1392,0.2398,0.0776,0.4099,0.1335],[0.1776,0.2301,0.1037,0.3608,0.1279],[0.1847,0.1989,0.1051,0.3587,0.1526],[0.1635,0.2197,0.1041,0.3506,0.1622],[0.1432,0.2344,0.101,0.4034,0.1179],[0.1402,0.2492,0.1124,0.4023,0.0959],[0.143,0.226,0.108,0.4148,0.1081],[0.1367,0.1968,0.1325,0.425,0.109],[0.1596,0.2146,0.0975,0.3668,0.1616],[0.1387,0.2305,0.1111,0.422,0.0978],[0.1381,0.2386,0.1067,0.3905,0.1261],[0.1547,0.2366,0.102,0.3861,0.1207],[0.1364,0.2298,0.1221,0.4022,0.1096],[0.173,0.2154,0.1226,0.3849,0.1041],[0.1451,0.2458,0.1218,0.3811,0.1063],[0.1599,0.2164,0.1126,0.4243,0.0868],[0.1646,0.2479,0.1007,0.3628,0.124],[0.1431,0.2357,0.1175,0.3883,0.1154],[0.1905,0.2231,0.0795,0.4199,0.0869],[0.1684,0.1914,0.0969,0.4263,0.117],[0.1664,0.2493,0.0681,0.3834,0.1328],[0.1926,0.233,0.0877,0.3831,0.1037],[0.1454,0.2236,0.1332,0.3557,0.142],[0.142,0.2227,0.1441,0.3938,0.0974],[0.1638,0.2485,0.1164,0.3687,0.1027],[0.1607,0.2817,0.0965,0.379,0.0821],[0.1332,0.236,0.1004,0.4132,0.1171],[0.141,0.2266,0.105,0.4184,0.109],[0.123,0.2361,0.1333,0.4286,0.079],[0.1958,0.2123,0.1515,0.3649,0.0755],[0.1551,0.2248,0.1535,0.4069,0.0598],[0.1697,0.1727,0.1622,0.4434,0.052],[0.1529,0.2311,0.1771,0.3662,0.0726],[0.1829,0.2435,0.1755,0.3602,0.0378],[0.1524,0.2307,0.1718,0.3907,0.0544],[0.1669,0.251,0.1569,0.3748,0.0504],[0.1705,0.2379,0.1656,0.3744,0.0516],[0.1602,0.2592,0.1555,0.3769,0.0481],[0.1515,0.2251,0.1416,0.3955,0.0863],[0.1496,0.1853,0.1482,0.4283,0.0886],[0.1537,0.2977,0.1457,0.3515,0.0513],[0.138,0.2479,0.1173,0.4249,0.0719],[0.1254,0.2152,0.1422,0.4357,0.0816],[0.1657,0.1968,0.1282,0.4061,0.1032],[0.1684,0.2088,0.1508,0.3977,0.0743],[0.1412,0.2173,0.1566,0.4296,0.0553],[0.1788,0.2116,0.1354,0.417,0.0572],[0.1824,0.2096,0.1636,0.3843,0.0601],[0.1595,0.2153,0.159,0.4146,0.0516],[0.1394,0.21,0.1476,0.4315,0.0715],[0.1783,0.2518,0.1393,0.367,0.0636],[0.1691,0.2405,0.1517,0.378,0.0607],[0.1446,0.2318,0.1845,0.3842,0.0549],[0.181,0.2401,0.1865,0.3336,0.0588],[0.1694,0.1977,0.1723,0.3992,0.0615],[0.1547,0.2182,0.1817,0.3765,0.0689],[0.1668,0.2209,0.1472,0.3885,0.0765],[0.1761,0.2246,0.1515,0.3792,0.0686],[0.153,0.2237,0.1682,0.3865,0.0687],[0.1457,0.2274,0.1409,0.4272,0.0588],[0.158,0.2089,0.1569,0.4111,0.0651],[0.1585,0.2178,0.1552,0.424,0.0445],[0.161,0.2049,0.1878,0.3976,0.0486],[0.1563,0.2479,0.1218,0.3988,0.0752],[0.1493,0.2562,0.126,0.3777,0.0909],[0.16,0.2489,0.147,0.3686,0.0756],[0.1648,0.2215,0.1446,0.3949,0.0742],[0.1351,0.2298,0.1448,0.4047,0.0855],[0.1165,0.2433,0.1356,0.4322,0.0723],[0.1425,0.2072,0.1392,0.4478,0.0633],[0.1432,0.234,0.1366,0.4164,0.0698],[0.1564,0.219,0.1877,0.3901,0.0469],[0.1268,0.2408,0.1655,0.428,0.0389],[0.1077,0.232,0.1568,0.4504,0.053],[0.0985,0.2345,0.1628,0.461,0.0433],[0.1053,0.2156,0.1994,0.4348,0.0449],[0.101,0.2117,0.1695,0.4611,0.0566],[0.1151,0.2202,0.1478,0.4708,0.0461],[0.1141,0.2621,0.132,0.4317,0.0602],[0.1349,0.2188,0.1461,0.4366,0.0636],[0.1327,0.2234,0.1404,0.4402,0.0632],[0.1324,0.2233,0.1618,0.4451,0.0375],[0.1612,0.18,0.1855,0.4037,0.0696],[0.1232,0.2204,0.1343,0.4463,0.0757],[0.1236,0.2241,0.1621,0.4358,0.0544],[0.1237,0.2216,0.1387,0.4531,0.0629],[0.1258,0.2337,0.1506,0.4396,0.0504],[0.1225,0.2343,0.1832,0.4033,0.0566],[0.1212,0.2545,0.1375,0.4156,0.0712],[0.1174,0.2143,0.1388,0.479,0.0506],[0.0959,0.2367,0.1736,0.4112,0.0826],[0.1415,0.1983,0.146,0.4548,0.0594],[0.1089,0.2362,0.1646,0.4632,0.0271],[0.1118,0.2524,0.1443,0.4476,0.0439],[0.1428,0.2315,0.1668,0.4043,0.0546],[0.1415,0.2168,0.1659,0.4215,0.0543],[0.1459,0.2445,0.1436,0.4013,0.0648],[0.1296,0.2659,0.1609,0.3964,0.0472],[0.1383,0.1994,0.1813,0.4224,0.0586],[0.1078,0.2138,0.1468,0.4533,0.0783],[0.1089,0.2416,0.1699,0.4292,0.0504],[0.0844,0.2683,0.1763,0.4311,0.0399],[0.108,0.27,0.1377,0.4331,0.0512],[0.118,0.1985,0.1704,0.4496,0.0635],[0.1237,0.1988,0.1487,0.4776,0.0511],[0.1124,0.2476,0.1466,0.4369,0.0566],[0.1117,0.2595,0.144,0.4183,0.0665],[0.1182,0.2041,0.1554,0.4503,0.0719],[0.1323,0.2147,0.1237,0.4546,0.0747],[0.1011,0.2024,0.1467,0.4806,0.0691],[0.1133,0.2093,0.1411,0.4794,0.0568],[0.1404,0.1933,0.1712,0.4384,0.0567],[0.1385,0.2158,0.1603,0.4435,0.0419],[0.1072,0.2101,0.1656,0.4725,0.0446],[0.1113,0.2344,0.147,0.457,0.0502],[0.1188,0.2217,0.1724,0.425,0.0621],[0.1095,0.2092,0.1607,0.4752,0.0454],[0.1146,0.244,0.1535,0.4493,0.0386],[0.0992,0.2003,0.1948,0.4682,0.0375],[0.1136,0.2174,0.1619,0.4657,0.0413],[0.1355,0.2126,0.1797,0.4394,0.0328],[0.1453,0.2082,0.182,0.426,0.0385],[0.1088,0.2397,0.1692,0.4564,0.0259],[0.1101,0.2341,0.1886,0.4303,0.037],[0.16,0.2122,0.1935,0.3947,0.0396],[0.1702,0.1982,0.1936,0.4163,0.0216],[0.1532,0.2251,0.1854,0.4014,0.0349],[0.1379,0.2077,0.1483,0.4642,0.0419],[0.1333,0.2451,0.1696,0.4114,0.0405],[0.1396,0.2307,0.1844,0.398,0.0473],[0.1364,0.2216,0.1968,0.3921,0.0532],[0.1345,0.2148,0.1621,0.4429,0.0457],[0.0884,0.2361,0.1854,0.453,0.0371],[0.1223,0.2175,0.1721,0.4497,0.0384],[0.1244,0.2316,0.1551,0.4266,0.0622],[0.1352,0.209,0.1551,0.4702,0.0305],[0.1593,0.2104,0.1525,0.4419,0.0359],[0.1591,0.2263,0.1458,0.4282,0.0406],[0.1283,0.218,0.1968,0.4243,0.0326],[0.1469,0.2377,0.1525,0.4341,0.0289],[0.1147,0.2226,0.1908,0.4371,0.0347],[0.1466,0.2259,0.1474,0.4513,0.0288],[0.1482,0.2198,0.1943,0.4071,0.0307],[0.141,0.2583,0.1529,0.4191,0.0288],[0.1427,0.2069,0.2272,0.4092,0.014],[0.1409,0.2219,0.2093,0.406,0.0218],[0.1461,0.2283,0.2032,0.4031,0.0193],[0.1668,0.2128,0.2004,0.401,0.019],[0.1043,0.2454,0.2012,0.4211,0.028],[0.1412,0.1789,0.206,0.4415,0.0323],[0.1325,0.2472,0.1827,0.415,0.0226],[0.1087,0.2231,0.2257,0.4153,0.0272],[0.1624,0.2289,0.1969,0.3942,0.0175],[0.1579,0.218,0.1894,0.4177,0.0171],[0.1241,0.2467,0.1818,0.4279,0.0195],[0.1243,0.2276,0.1972,0.4266,0.0243],[0.1189,0.1986,0.2033,0.464,0.0152],[0.1085,0.2244,0.1939,0.4368,0.0364],[0.1495,0.2111,0.1745,0.4453,0.0196],[0.1467,0.2204,0.189,0.4281,0.0157],[0.1275,0.2125,0.189,0.4345,0.0365],[0.1463,0.1953,0.1971,0.448,0.0132],[0.1173,0.2189,0.158,0.4936,0.0122],[0.1122,0.2497,0.1891,0.4212,0.0278],[0.124,0.2303,0.215,0.4144,0.0163],[0.122,0.2175,0.2022,0.4463,0.012],[0.1235,0.2114,0.1897,0.4598,0.0155],[0.1007,0.2139,0.1961,0.4583,0.031],[0.0916,0.2331,0.1775,0.4692,0.0286],[0.0719,0.2113,0.2085,0.4812,0.0272],[0.1055,0.2048,0.181,0.501,0.0077],[0.0864,0.294,0.1409,0.4637,0.015],[0.0758,0.2224,0.1952,0.4861,0.0205],[0.0838,0.2283,0.2072,0.4587,0.022],[0.0632,0.2277,0.2204,0.4741,0.0147],[0.0763,0.2251,0.2088,0.4692,0.0206],[0.0698,0.2251,0.2496,0.4445,0.0111],[0.0804,0.2515,0.1792,0.4775,0.0114],[0.0245,0.2198,0.2718,0.476,0.0079],[0.0189,0.2105,0.2273,0.5299,0.0134],[0.0269,0.2514,0.1954,0.5205,0.0057],[0.0278,0.2518,0.1925,0.5207,0.0072],[0.0298,0.2262,0.21,0.5244,0.0096],[0.0226,0.2276,0.2133,0.523,0.0135],[0.0243,0.2442,0.1687,0.5531,0.0098],[0.0252,0.2483,0.198,0.5036,0.0248],[0.0296,0.253,0.1922,0.5146,0.0107],[0.0615,0.2128,0.2109,0.5027,0.0121],[0.0287,0.2347,0.2247,0.5094,0.0025],[0.0235,0.2212,0.2013,0.5493,0.0047],[0.029,0.2522,0.2086,0.5077,0.0025],[0.0387,0.1819,0.1965,0.575,0.0079],[0.043,0.2021,0.2024,0.5399,0.0126],[0.0433,0.2093,0.1869,0.5551,0.0053],[0.051,0.2419,0.181,0.515,0.0112],[0.0418,0.193,0.2575,0.502,0.0057],[0.0464,0.2345,0.2098,0.4942,0.0151],[0.0368,0.2354,0.2041,0.5078,0.0159],[0.0358,0.2133,0.2152,0.5282,0.0075],[0.0232,0.2423,0.2039,0.5266,0.004],[0.0374,0.2016,0.2239,0.5356,0.0015],[0.034,0.2175,0.1833,0.5645,0.0006],[0.0319,0.2392,0.2063,0.5205,0.002],[0.0255,0.1734,0.2244,0.5721,0.0046],[0.0208,0.2636,0.2015,0.5075,0.0067],[0.0599,0.1894,0.1865,0.5587,0.0056],[0.0462,0.249,0.2012,0.5025,0.0011],[0.0286,0.2293,0.2062,0.5312,0.0048],[0.0408,0.2572,0.1808,0.5107,0.0104],[0.0485,0.2154,0.2254,0.4992,0.0116],[0.0414,0.236,0.204,0.5168,0.0018],[0.031,0.2081,0.2109,0.5421,0.0079],[0.0244,0.2613,0.206,0.5054,0.0029],[0.012,0.2619,0.2048,0.5164,0.0049],[0.0109,0.2283,0.1908,0.5568,0.0132],[0.0092,0.2369,0.2215,0.5207,0.0116],[0.0079,0.2185,0.2108,0.55,0.0128],[0.0042,0.2163,0.2008,0.5745,0.0043],[0.007,0.2361,0.2121,0.5419,0.0029],[0.0068,0.2412,0.2065,0.5306,0.015],[0.0166,0.2032,0.2026,0.5759,0.0017],[0.017,0.2519,0.1897,0.5324,0.0091],[0.0263,0.2317,0.2089,0.5266,0.0065],[0.0233,0.2265,0.2497,0.495,0.0055],[0.0104,0.2277,0.2326,0.5256,0.0037],[0.0077,0.224,0.2378,0.5258,0.0048],[0.0096,0.2461,0.2132,0.5242,0.007],[0.0075,0.2351,0.237,0.5174,0.003],[0.0118,0.2148,0.2147,0.553,0.0057],[0.0142,0.2452,0.2108,0.5266,0.0033],[0.0071,0.2213,0.2315,0.5376,0.0025],[0.0002,0.2065,0.2439,0.5419,0.0075],[0,0.2239,0.2084,0.5629,0.0048],[1.2069e-09,0.225,0.2317,0.5317,0.0115],[6.6999e-07,0.2255,0.1913,0.5738,0.0094],[0,0.2495,0.2198,0.5266,0.0041],[5.9664e-07,0.2249,0.2373,0.5357,0.0021],[0.0001,0.2334,0.2117,0.5516,0.0032],[0.0001,0.2294,0.2039,0.5637,0.0029],[0.0001,0.2178,0.223,0.5524,0.0066],[0.001,0.2075,0.1875,0.5991,0.005],[2.9107e-08,0.2336,0.2344,0.5232,0.0088],[0.0003,0.2277,0.2201,0.5505,0.0015],[3.0902e-07,0.2283,0.2241,0.5431,0.0045],[0.0001,0.2442,0.2097,0.5403,0.0057],[8.1553e-12,0.2453,0.2229,0.5303,0.0015],[6.0082e-06,0.2322,0.2339,0.5335,0.0004],[3.6199e-07,0.2288,0.2119,0.5581,0.0011],[0.0038,0.2272,0.2135,0.5515,0.0041],[0.0024,0.2371,0.1951,0.5584,0.007],[0.0046,0.2549,0.2149,0.5203,0.0053],[0.0095,0.2372,0.225,0.5236,0.0048],[0.0057,0.2322,0.1836,0.5671,0.0114],[0.0015,0.2123,0.2358,0.5434,0.007],[0.0007,0.2136,0.2207,0.5601,0.0049],[0,0.2392,0.2019,0.5568,0.0021],[0.004,0.2389,0.1791,0.564,0.014],[0.0098,0.231,0.2039,0.5307,0.0246],[0.007,0.2935,0.1689,0.5126,0.018],[0.0071,0.2562,0.1937,0.5243,0.0187],[0.0049,0.226,0.1966,0.5599,0.0125],[0.0003,0.245,0.1868,0.5597,0.0082],[0.0017,0.2461,0.2043,0.5401,0.0079],[2.8457e-07,0.2292,0.2328,0.5189,0.0191],[0.0023,0.2456,0.2085,0.5256,0.018],[0.0031,0.2362,0.2073,0.5424,0.011],[0.0014,0.249,0.213,0.53,0.0066],[0,0.2552,0.1883,0.5459,0.0105],[8.6937e-06,0.268,0.1918,0.5305,0.0097],[0.0036,0.2386,0.1934,0.5643,0.0001],[0.0053,0.2535,0.2126,0.5287,8.396e-08],[0.0002,0.2408,0.2157,0.5431,0.0001],[0.0023,0.2523,0.2326,0.5128,2.0685e-08],[0.0062,0.2534,0.2209,0.5195,0.0001],[0.0038,0.2463,0.2318,0.518,0.0002],[0.0037,0.2451,0.2385,0.5084,0.0043],[0.0026,0.2723,0.2179,0.5057,0.0014],[0.001,0.2211,0.2347,0.5432,2.1522e-07],[0.0003,0.2211,0.2108,0.5677,1.2143e-06],[2.1901e-06,0.2403,0.2479,0.5118,0],[0.0002,0.233,0.2229,0.5437,0.0001],[0,0.224,0.2201,0.5549,0.0009],[3.4894e-09,0.2068,0.2307,0.5621,0.0005],[0.0001,0.248,0.2232,0.5232,0.0054],[0.0001,0.2305,0.2151,0.5467,0.0075],[0.0003,0.2147,0.212,0.5571,0.016],[0.0005,0.2856,0.1985,0.5078,0.0076],[0.0004,0.2203,0.2012,0.5595,0.0185],[1.0675e-11,0.2158,0.1979,0.5659,0.0204],[0.0005,0.2298,0.1804,0.5806,0.0087],[0.002,0.2297,0.2371,0.5269,0.0043],[0.012,0.2277,0.1586,0.5889,0.0129],[0.0186,0.2204,0.203,0.5427,0.0154],[0.023,0.2368,0.2249,0.4942,0.0211],[0.0146,0.2057,0.1995,0.5619,0.0182],[0.0176,0.2068,0.2173,0.5392,0.019],[0.0177,0.2136,0.2002,0.5524,0.016],[0.0354,0.2104,0.2215,0.5119,0.0206],[0.0496,0.2649,0.1745,0.4946,0.0164],[0.0514,0.2272,0.2176,0.4885,0.0152],[0.0342,0.2343,0.2227,0.5065,0.0023],[0.029,0.2405,0.1974,0.5317,0.0014],[0.0262,0.2185,0.2449,0.5104,4.1833e-06],[0.0157,0.2034,0.2423,0.5385,0.0001],[0.0146,0.2052,0.1831,0.5926,0.0045],[0.0182,0.226,0.1725,0.5592,0.0241],[0.0048,0.227,0.2119,0.5288,0.0275],[0.0001,0.217,0.1929,0.5765,0.0135],[0.0075,0.2353,0.1844,0.5632,0.0097],[0.0091,0.2319,0.2439,0.5033,0.0119],[0.0091,0.2294,0.2499,0.4938,0.0178],[0.0091,0.2292,0.232,0.5111,0.0185],[0.0027,0.2489,0.1866,0.5471,0.0146],[0,0.2393,0.2054,0.546,0.0093],[0.0004,0.2416,0.1848,0.5634,0.0099],[0.0004,0.2327,0.2258,0.5338,0.0074],[0.0003,0.246,0.226,0.5227,0.0051],[0.0004,0.2314,0.2156,0.5378,0.0149],[0.0006,0.2254,0.2125,0.5599,0.0017],[0.0011,0.2193,0.2123,0.5619,0.0054],[0.0002,0.2321,0.2365,0.5302,0.0011],[0.0001,0.2463,0.2112,0.5402,0.0022],[0.0002,0.2215,0.2239,0.5494,0.005],[0.001,0.1989,0.2233,0.5702,0.0066],[3.5832e-06,0.2235,0.2035,0.5567,0.0163],[8.5555e-06,0.2221,0.2315,0.5341,0.0123],[0,0.2235,0.2134,0.5433,0.0197],[2.0748e-09,0.2347,0.2079,0.5379,0.0196],[7.7093e-09,0.2207,0.2024,0.5669,0.01],[0.0016,0.2333,0.1997,0.5527,0.0126],[0.0033,0.2322,0.2104,0.5315,0.0227],[0.0008,0.2451,0.1897,0.5499,0.0144],[0.0032,0.245,0.1751,0.5459,0.0309],[0.0031,0.2148,0.184,0.577,0.021],[0.007,0.2301,0.213,0.5353,0.0147],[0.0067,0.1975,0.2093,0.5582,0.0283],[0.0007,0.2378,0.2347,0.4999,0.0269],[0.0001,0.2268,0.1706,0.5779,0.0247],[3.6142e-06,0.261,0.161,0.5637,0.0144],[0.0001,0.2313,0.2147,0.5189,0.035],[0,0.2305,0.1716,0.5801,0.0177],[1.0542e-06,0.2403,0.1822,0.5607,0.0169],[0.0005,0.2421,0.2157,0.5314,0.0103],[0.0006,0.2287,0.1717,0.5834,0.0155],[0.0019,0.239,0.1828,0.5643,0.012],[0.0106,0.2123,0.2066,0.5571,0.0133],[0.0452,0.2383,0.2103,0.491,0.0152],[0.0556,0.2332,0.2151,0.4647,0.0314],[0.0818,0.2482,0.1836,0.4615,0.0249],[0.0872,0.2707,0.1743,0.4433,0.0245],[0.1558,0.2274,0.1914,0.3999,0.0255],[0.123,0.2213,0.2172,0.4111,0.0274],[0.1064,0.2452,0.1661,0.4558,0.0265],[0.1135,0.2068,0.1866,0.4639,0.0292],[0.1194,0.2177,0.1847,0.4484,0.0298],[0.1134,0.2459,0.1836,0.4257,0.0313],[0.1083,0.2222,0.1695,0.4675,0.0325],[0.1101,0.2452,0.1803,0.4408,0.0236],[0.0919,0.2183,0.181,0.4745,0.0343],[0.1168,0.2217,0.1828,0.4572,0.0216],[0.0965,0.2326,0.2088,0.4296,0.0326],[0.1022,0.2139,0.1971,0.4568,0.03],[0.1057,0.2228,0.1733,0.4783,0.02],[0.103,0.2261,0.192,0.4515,0.0274],[0.1015,0.2313,0.1876,0.458,0.0217],[0.1257,0.2253,0.1764,0.4417,0.031],[0.1322,0.2517,0.1388,0.4433,0.0341],[0.085,0.2231,0.1613,0.4885,0.0421],[0.082,0.2396,0.1636,0.4757,0.0392],[0.0925,0.2401,0.1664,0.47,0.0309],[0.0923,0.2368,0.1774,0.4435,0.0501],[0.0907,0.2493,0.157,0.46,0.043],[0.0782,0.22,0.1762,0.4815,0.044],[0.0892,0.2363,0.1511,0.4871,0.0363],[0.0901,0.236,0.1523,0.4759,0.0457],[0.106,0.2455,0.1589,0.4517,0.0379],[0.1321,0.2306,0.16,0.4373,0.04],[0.1355,0.2289,0.1551,0.4462,0.0343],[0.1111,0.2179,0.1624,0.4739,0.0346],[0.1088,0.2249,0.2067,0.4259,0.0338],[0.1127,0.2147,0.1915,0.4266,0.0544],[0.1329,0.2455,0.1445,0.4376,0.0394],[0.1213,0.2356,0.1744,0.4205,0.0482],[0.0863,0.2517,0.1653,0.4455,0.0512],[0.1068,0.2262,0.1959,0.4097,0.0614],[0.1128,0.2035,0.1688,0.4774,0.0375],[0.113,0.217,0.1723,0.4581,0.0396],[0.098,0.2347,0.1856,0.4491,0.0326],[0.103,0.2322,0.1706,0.4399,0.0543],[0.0995,0.1927,0.1837,0.4935,0.0306],[0.1116,0.2673,0.1817,0.4235,0.0159],[0.1179,0.2319,0.1932,0.4313,0.0256],[0.0987,0.228,0.19,0.45,0.0333],[0.1395,0.2333,0.1846,0.4159,0.0266],[0.1399,0.1878,0.1685,0.4697,0.0341],[0.1233,0.2343,0.1847,0.4162,0.0416],[0.1224,0.2602,0.1694,0.4176,0.0304],[0.167,0.2274,0.1879,0.3795,0.0382],[0.1604,0.227,0.1804,0.4006,0.0316],[0.1461,0.2536,0.1769,0.393,0.0305],[0.1467,0.2351,0.1678,0.4156,0.0348],[0.1058,0.2141,0.1833,0.4613,0.0355],[0.1156,0.1996,0.1837,0.4667,0.0345],[0.126,0.2392,0.1617,0.4244,0.0487],[0.1044,0.2283,0.1696,0.466,0.0317],[0.1356,0.2157,0.1566,0.4603,0.0317],[0.1158,0.2202,0.1982,0.4399,0.0259],[0.1306,0.2449,0.195,0.3971,0.0323],[0.1264,0.2331,0.1603,0.4571,0.0231],[0.1415,0.2011,0.182,0.4377,0.0377],[0.1223,0.2322,0.2099,0.3962,0.0394],[0.1179,0.2076,0.188,0.455,0.0316],[0.159,0.224,0.1737,0.4045,0.0387],[0.1046,0.239,0.158,0.4675,0.0309],[0.1227,0.2254,0.1959,0.4285,0.0274],[0.1253,0.2403,0.1542,0.453,0.0271],[0.1193,0.2215,0.1985,0.4294,0.0312],[0.1207,0.2014,0.1726,0.4625,0.0428],[0.1131,0.1977,0.1764,0.4723,0.0406],[0.1272,0.2284,0.1742,0.438,0.0321],[0.1071,0.2091,0.1897,0.4435,0.0506],[0.1001,0.2735,0.152,0.438,0.0363],[0.112,0.2166,0.1294,0.4836,0.0584],[0.0858,0.2788,0.168,0.4199,0.0474],[0.1505,0.2497,0.1508,0.417,0.0321],[0.1134,0.2083,0.1881,0.4554,0.0348],[0.0985,0.2376,0.1329,0.4884,0.0425],[0.0963,0.2557,0.1403,0.4685,0.0392],[0.0772,0.2458,0.1378,0.4892,0.0499],[0.1145,0.219,0.1462,0.4558,0.0646],[0.0902,0.2368,0.1787,0.448,0.0463],[0.115,0.2051,0.1629,0.4633,0.0536],[0.1096,0.2013,0.1518,0.4845,0.0529],[0.1332,0.2571,0.1811,0.3765,0.0521],[0.1367,0.2219,0.166,0.4301,0.0453],[0.1219,0.217,0.1722,0.4501,0.0389],[0.1613,0.1965,0.1623,0.4267,0.0531],[0.1453,0.2093,0.1576,0.4453,0.0425],[0.1252,0.2322,0.1825,0.3979,0.0621],[0.1302,0.2422,0.1447,0.4261,0.0567],[0.1288,0.2208,0.187,0.4257,0.0377],[0.1126,0.2456,0.1732,0.4334,0.0352],[0.105,0.2345,0.189,0.4278,0.0438],[0.102,0.2536,0.181,0.4288,0.0345],[0.1226,0.2333,0.1781,0.433,0.0331],[0.0985,0.2293,0.1581,0.444,0.07],[0.1036,0.2442,0.134,0.461,0.0571],[0.1069,0.2108,0.1688,0.4312,0.0824],[0.1087,0.2369,0.1493,0.4305,0.0747],[0.1103,0.2348,0.1273,0.4481,0.0795],[0.1125,0.2055,0.1627,0.4691,0.0503],[0.1296,0.197,0.1283,0.4619,0.0831],[0.1279,0.2265,0.153,0.4119,0.0807],[0.0954,0.2284,0.1504,0.4544,0.0714],[0.0859,0.2499,0.1006,0.486,0.0777],[0.1214,0.2517,0.1434,0.4184,0.0651],[0.1141,0.2116,0.1763,0.4353,0.0627],[0.1215,0.2373,0.1744,0.4146,0.0522],[0.1045,0.248,0.1726,0.4235,0.0513],[0.1357,0.199,0.1471,0.4557,0.0626],[0.1086,0.2423,0.1601,0.4366,0.0523],[0.1364,0.2332,0.1707,0.43,0.0297],[0.1201,0.2292,0.1687,0.443,0.039],[0.1499,0.1914,0.1871,0.4183,0.0533],[0.1465,0.2432,0.1523,0.3995,0.0584],[0.1244,0.2122,0.1757,0.4318,0.056],[0.1142,0.2336,0.1568,0.4224,0.0729],[0.1119,0.2305,0.1489,0.4505,0.0582],[0.1108,0.2498,0.188,0.4183,0.0331],[0.1021,0.223,0.1738,0.4495,0.0516],[0.1268,0.2313,0.1444,0.4394,0.0581],[0.1144,0.2342,0.1629,0.4257,0.0627],[0.105,0.2011,0.2072,0.432,0.0547],[0.1189,0.2217,0.182,0.4277,0.0497],[0.0898,0.1842,0.2049,0.4695,0.0516],[0.1221,0.2393,0.1424,0.4534,0.0428],[0.1275,0.2238,0.177,0.431,0.0407],[0.1259,0.2333,0.1938,0.3917,0.0553],[0.126,0.2318,0.1828,0.4142,0.0452],[0.1175,0.2549,0.1669,0.4203,0.0404],[0.1162,0.2417,0.1728,0.4094,0.0598],[0.1373,0.2663,0.1703,0.3829,0.0432],[0.1145,0.2907,0.1478,0.3984,0.0487],[0.114,0.2454,0.1566,0.4381,0.0459],[0.1742,0.2086,0.1386,0.4088,0.0698],[0.1237,0.2533,0.1577,0.3831,0.0823],[0.1335,0.2278,0.1569,0.4286,0.0532],[0.1096,0.2498,0.1453,0.4433,0.052],[0.1211,0.2284,0.1508,0.4424,0.0574],[0.09,0.2636,0.1585,0.4185,0.0695],[0.1168,0.232,0.1476,0.4452,0.0584],[0.1259,0.2574,0.1382,0.4264,0.052],[0.1059,0.2319,0.1369,0.473,0.0523],[0.1066,0.2172,0.1638,0.4565,0.056],[0.1044,0.2293,0.1823,0.431,0.0529],[0.1098,0.2147,0.1977,0.4332,0.0446],[0.1088,0.2359,0.1583,0.4255,0.0715],[0.1106,0.2186,0.1544,0.4687,0.0478],[0.0908,0.2123,0.1679,0.4799,0.0492],[0.119,0.2341,0.1873,0.4081,0.0514],[0.1332,0.2596,0.2032,0.363,0.041],[0.1479,0.23,0.1638,0.4169,0.0414],[0.1226,0.2394,0.1747,0.4061,0.0572],[0.1177,0.2442,0.1579,0.4221,0.0581],[0.1221,0.2602,0.1868,0.3856,0.0453],[0.1331,0.2366,0.1602,0.4206,0.0495],[0.1619,0.192,0.1788,0.4055,0.0618],[0.1345,0.2116,0.1899,0.4163,0.0477],[0.1666,0.2236,0.1549,0.4097,0.0452],[0.1468,0.2566,0.1862,0.3537,0.0567],[0.1356,0.2472,0.1567,0.4241,0.0364],[0.1503,0.2472,0.1771,0.3835,0.042],[0.1257,0.2541,0.2113,0.3762,0.0326],[0.1484,0.2268,0.1941,0.4071,0.0236],[0.1415,0.267,0.1952,0.3725,0.0238],[0.1356,0.2668,0.1901,0.3745,0.033],[0.1014,0.2526,0.2018,0.4084,0.0358],[0.1036,0.2909,0.1754,0.3914,0.0387],[0.1388,0.1992,0.1812,0.4195,0.0613],[0.1281,0.2511,0.1595,0.427,0.0343],[0.1013,0.2448,0.2216,0.3942,0.038],[0.1301,0.2736,0.1641,0.4095,0.0227],[0.1592,0.2271,0.2108,0.3566,0.0462],[0.158,0.2462,0.2074,0.3524,0.036],[0.1047,0.2196,0.2032,0.4048,0.0677],[0.1459,0.2212,0.1795,0.4097,0.0437],[0.1238,0.2