["[{\"p_chain\":[[0.222,0.159,0.2107,0.2011,0.2072],[0.2322,0.133,0.1756,0.2588,0.2004],[0.2089,0.2508,0.0417,0.4985,0.0001],[0.2642,0.215,0.0153,0.5052,0.0004],[0.2543,0.222,0.0061,0.5175,2.8783e-08],[0.2551,0.2179,0.0056,0.5209,0.0004],[0.2518,0.2164,0.0008,0.531,0.0001],[0.253,0.2182,0,0.5288,9.1114e-06],[0.2552,0.2139,0.0003,0.5304,0.0002],[0.2576,0.2184,0.0003,0.5236,0],[0.2678,0.245,1.8181e-08,0.4872,0.0001],[0.2666,0.225,1.1301e-07,0.5084,0],[0.2544,0.2151,0.0007,0.5298,9.0623e-08],[0.2721,0.2388,7.6367e-08,0.4891,3.8206e-07],[0.2338,0.2217,2.9147e-08,0.5445,0],[0.2658,0.2303,2.7766e-06,0.5025,0.0014],[0.2484,0.2072,0,0.543,0.0013],[0.2305,0.2458,4.2734e-10,0.5234,0.0003],[0.2469,0.2646,5.3857e-06,0.4884,2.4907e-13],[0.3064,0.2178,4.106e-10,0.4757,0.0001],[0.2479,0.2517,0.0001,0.499,0.0014],[0.2149,0.2391,0.0002,0.5453,0.0004],[0.2414,0.2288,0.0003,0.5295,1.5261e-06],[0.246,0.219,0.0013,0.5335,0.0003],[0.2673,0.2056,0.001,0.5261,6.5336e-07],[0.2549,0.2161,0.0028,0.5262,2.1245e-09],[0.2575,0.2748,8.47e-06,0.4672,0.0005],[0.2789,0.2636,2.8252e-14,0.4565,0.001],[0.2885,0.2437,2.7545e-06,0.4678,3.4511e-06],[0.2671,0.2325,0,0.5004,1.058e-08],[0.2669,0.2536,1.5542e-06,0.4786,0.0009],[0.2319,0.215,0.0006,0.5526,2.7884e-07],[0.2614,0.2702,4.1304e-06,0.4681,0.0003],[0.2449,0.2879,0.0003,0.4669,1.952e-06],[0.2246,0.2747,0,0.5006,0.0001],[0.3061,0.2305,1.5748e-06,0.4634,7.8288e-06],[0.271,0.2532,0,0.4756,0.0002],[0.2723,0.2418,3.8519e-08,0.4847,0.0012],[0.2657,0.2638,0,0.468,0.0026],[0.2574,0.251,0.0008,0.4908,0],[0.3143,0.2297,0,0.4556,0.0004],[0.26,0.2397,0.0001,0.4985,0.0017],[0.3045,0.2374,0.0002,0.4579,5.3158e-11],[0.2528,0.2318,0.0001,0.5153,0],[0.2637,0.2009,5.3043e-06,0.5346,0.0008],[0.2781,0.2608,5.9145e-07,0.46,0.001],[0.29,0.2531,0.0001,0.4568,8.4827e-09],[0.2471,0.2545,7.3862e-07,0.4938,0.0046],[0.266,0.2651,0.0001,0.4688,9.5958e-06],[0.2377,0.2579,3.0899e-06,0.5033,0.0011],[0.2627,0.2313,0.0025,0.5033,0.0002],[0.2812,0.2435,0.0002,0.4751,0],[0.2558,0.2387,9.136e-07,0.5046,0.0009],[0.2619,0.2843,1.1934e-07,0.4537,0.0001],[0.2305,0.2371,0.0001,0.5288,0.0035],[0.2725,0.2513,7.5988e-06,0.4755,0.0008],[0.2383,0.2705,0.0003,0.4895,0.0013],[0.2671,0.2606,0.0011,0.4712,0],[0.2574,0.2024,0,0.5401,0.0001],[0.2602,0.2661,7.9229e-08,0.4737,2.5952e-06],[0.2536,0.2072,7.033e-07,0.539,0.0002],[0.2553,0.222,3.7056e-07,0.5208,0.0019],[0.2716,0.2629,0.0001,0.4651,0.0003],[0.244,0.255,0.0002,0.4972,0.0037],[0.2394,0.2312,0.0004,0.5291,0],[0.2476,0.2388,3.8469e-13,0.5113,0.0023],[0.2525,0.2252,0,0.5208,0.0015],[0.2766,0.2583,0.0012,0.4639,0],[0.256,0.2618,0.0025,0.4797,9.0797e-06],[0.2933,0.2243,0.0019,0.4806,1.2981e-15],[0.2511,0.2727,1.6304e-06,0.4762,5.3404e-11],[0.2435,0.2664,0.0003,0.4886,0.0012],[0.2559,0.2256,1.5898e-07,0.5186,1.7173e-07],[0.2313,0.2237,0.0001,0.5447,0.0001],[0.2602,0.2217,0.0003,0.5156,0.0022],[0.2256,0.2403,0.0019,0.5311,0.0011],[0.2596,0.2249,0.0048,0.5108,3.1216e-10],[0.2569,0.2478,0.0087,0.4866,1.1909e-06],[0.2638,0.2662,0.0019,0.4681,3.0365e-10],[0.2503,0.2313,0,0.5162,0.0022],[0.2409,0.283,3.5218e-06,0.476,1.15e-14],[0.2608,0.2386,0.0032,0.4972,0.0002],[0.2744,0.2135,1.667e-06,0.5086,0.0035],[0.273,0.2513,3.3445e-12,0.473,0.0027],[0.268,0.2544,1.8231e-06,0.4775,4.024e-06],[0.2572,0.249,7.1525e-07,0.4933,0.0005],[0.2242,0.2978,7.6571e-08,0.478,5.7987e-06],[0.2641,0.2421,1.0594e-07,0.4938,1.3856e-07],[0.2607,0.2612,0,0.4761,0.002],[0.2618,0.2279,0.0004,0.5097,0.0002],[0.2595,0.2776,5.8344e-06,0.4629,8.9859e-12],[0.2305,0.2354,9.1909e-06,0.534,0.0001],[0.2528,0.2343,7.4152e-10,0.5129,0],[0.266,0.2697,0,0.4641,0.0001],[0.2448,0.2662,0.0005,0.4886,1.0678e-06],[0.2265,0.2502,3.3939e-13,0.5233,0],[0.2735,0.2564,0.0086,0.4615,8.5317e-08],[0.2336,0.2626,0.0062,0.4975,7.5145e-06],[0.2538,0.245,0.0053,0.4958,2.8634e-12],[0.252,0.2293,0.0013,0.5165,0.0009],[0.2372,0.2885,0,0.4743,7.1652e-11],[0.2397,0.2586,0.0001,0.5015,0.0001],[0.2558,0.2595,0.0005,0.4842,4.851e-14],[0.2524,0.2529,0,0.4945,0.0002],[0.2355,0.2765,0.0022,0.4843,0.0016],[0.2469,0.2476,0.0059,0.4992,0.0003],[0.2937,0.2242,0.0003,0.4818,0],[0.2756,0.2481,4.5205e-11,0.4763,7.9007e-06],[0.2672,0.2438,0.0002,0.4879,0.0009],[0.2457,0.2694,2.4426e-06,0.4848,0.0001],[0.2379,0.2783,0.0002,0.4836,7.5433e-12],[0.2672,0.2422,4.1456e-07,0.4906,0],[0.2515,0.2188,0.0001,0.5274,0.0022],[0.2229,0.2378,0.0043,0.535,8.6073e-07],[0.2441,0.2694,0.0008,0.4854,0.0003],[0.2467,0.2816,0.0001,0.4717,0],[0.2615,0.2574,0.0001,0.4809,0.0001],[0.2575,0.2581,0,0.4844,3.1729e-06],[0.2576,0.2591,5.6248e-08,0.48,0.0033],[0.2526,0.2554,3.0636e-09,0.4919,0.0001],[0.2396,0.2603,1.566e-07,0.5001,4.0459e-09],[0.2456,0.2386,2.6706e-07,0.5133,0.0025],[0.2382,0.2515,8.3247e-06,0.51,0.0002],[0.2634,0.2169,9.8448e-06,0.5197,5.0789e-08],[0.2829,0.2229,0.0003,0.4933,0.0005],[0.2668,0.2181,0.0001,0.5151,9.4241e-08],[0.2887,0.2308,0,0.4759,0.0046],[0.2732,0.2753,0,0.4514,4.0619e-06],[0.2684,0.2488,5.7072e-06,0.4828,1.1892e-08],[0.2612,0.254,0.0002,0.4843,0.0003],[0.2614,0.2744,6.2689e-06,0.4639,0.0002],[0.2781,0.2821,0,0.4398,4.2417e-06],[0.3191,0.2631,0.0001,0.4171,0.0006],[0.2625,0.2533,1.7931e-20,0.4842,9.789e-06],[0.2673,0.2736,0.0007,0.4583,0],[0.2768,0.2607,4.1155e-06,0.4625,8.3369e-07],[0.2634,0.2644,0.0004,0.4719,0],[0.2488,0.2572,0.0003,0.4933,0.0004],[0.2491,0.2676,0.0001,0.482,0.0011],[0.2478,0.2752,2.2489e-08,0.477,1.817e-07],[0.2697,0.2415,0,0.4888,0],[0.2302,0.2807,0.002,0.4861,0.001],[0.2718,0.2374,0.0012,0.4894,0.0002],[0.2536,0.2331,0.0016,0.511,0.0007],[0.2592,0.2554,0.0011,0.4807,0.0036],[0.2821,0.2331,0.0008,0.4841,4.7237e-10],[0.2499,0.2685,0.0001,0.4814,1.5386e-14],[0.2495,0.2333,0.0003,0.517,6.4713e-07],[0.2876,0.2803,0.0008,0.4312,0.0001],[0.246,0.2868,5.6852e-08,0.4672,3.9356e-06],[0.2863,0.2243,0.0007,0.4888,1.1349e-07],[0.2729,0.2838,1.9112e-08,0.4433,6.6245e-06],[0.2967,0.2652,0.0017,0.4362,0.0001],[0.263,0.279,0.0008,0.456,0.0013],[0.2597,0.2809,0.0013,0.4581,0],[0.2536,0.2567,9.2352e-15,0.4897,2.4147e-06],[0.2729,0.2875,0,0.4393,0.0002],[0.2477,0.2572,0,0.495,0],[0.2439,0.2642,2.3815e-10,0.4919,1.5834e-07],[0.2544,0.2676,3.4265e-08,0.4747,0.0033],[0.2648,0.2837,5.5995e-06,0.4515,2.8054e-06],[0.2704,0.2669,1.3797e-07,0.4624,0.0003],[0.2696,0.2546,0.0007,0.4743,0.0008],[0.2655,0.2781,0.0008,0.4555,2.7429e-07],[0.2571,0.2636,0,0.4792,0],[0.3239,0.2072,0.0011,0.4678,2.9438e-13],[0.2563,0.266,0.0005,0.477,0.0001],[0.2906,0.2244,0,0.485,2.7057e-09],[0.2875,0.2471,2.6393e-06,0.4637,0.0017],[0.2869,0.2281,0.0002,0.4847,0.0001],[0.2379,0.284,0.0049,0.4727,0.0005],[0.2847,0.262,7.7479e-07,0.4521,0.0012],[0.2478,0.2661,2.3132e-06,0.4788,0.0074],[0.2565,0.2519,5.7578e-08,0.4916,1.0124e-07],[0.2326,0.2503,7.4535e-07,0.517,0.0001],[0.288,0.2448,7.1941e-08,0.4667,0.0005],[0.2738,0.2777,7.0619e-16,0.4485,2.5082e-08],[0.3042,0.2423,0,0.4534,5.1517e-07],[0.3029,0.2479,0.0001,0.4491,1.4332e-07],[0.2164,0.2615,3.6316e-06,0.5221,2.2462e-09],[0.2828,0.2771,0,0.4398,0.0002],[0.222,0.3117,2.2972e-06,0.4662,0.0002],[0.2821,0.2691,6.836e-07,0.4489,3.2273e-13],[0.2986,0.2667,0.0004,0.4339,0.0004],[0.2719,0.2799,0.0003,0.4478,0.0002],[0.2623,0.3038,1.282e-06,0.4339,6.4882e-09],[0.2498,0.2639,0.0005,0.4852,0.0005],[0.2809,0.2503,2.472e-07,0.4686,0.0003],[0.2756,0.2465,0,0.4779,2.7529e-07],[0.2836,0.2521,0.0005,0.4638,1.5293e-09],[0.2658,0.2696,0.0016,0.4616,0.0015],[0.2888,0.2772,0.0003,0.4337,4.2078e-07],[0.2838,0.3015,0.0008,0.4139,1.082e-06],[0.2565,0.295,0.0002,0.4482,0],[0.2664,0.2977,0.0007,0.4351,3.2464e-06],[0.2914,0.2676,3.7878e-08,0.441,2.1466e-12],[0.2901,0.263,6.3385e-10,0.4469,0.0001],[0.2718,0.2914,0,0.4362,0.0005],[0.2465,0.285,5.6758e-07,0.4674,0.0011],[0.277,0.2428,0,0.4802,0.0001],[0.3003,0.2752,0.0002,0.4232,0.0012],[0.3159,0.2543,0,0.4298,2.0378e-08],[0.2964,0.2566,0.0002,0.4439,0.0029],[0.3013,0.2617,0.0005,0.4364,3.0686e-06],[0.2815,0.2481,0,0.4703,0.0001],[0.2871,0.2683,0.0039,0.4407,8.4822e-13],[0.2736,0.2689,0,0.4576,2.09e-07],[0.3191,0.2435,0.0007,0.4367,1.3861e-07],[0.2783,0.2852,1.0473e-10,0.4364,0.0002],[0.2477,0.2981,4.8734e-08,0.4542,3.2655e-06],[0.2629,0.2676,6.8818e-09,0.4694,0],[0.2535,0.2501,4.4679e-10,0.4964,0],[0.2602,0.2746,0.0002,0.465,7.0229e-06],[0.305,0.2688,0,0.4262,4.9124e-06],[0.2892,0.2737,0.0012,0.4353,0.0005],[0.2866,0.2734,0.0006,0.439,0.0004],[0.2978,0.2804,0.001,0.4208,0],[0.3026,0.2784,0.0002,0.4189,1.6284e-09],[0.2542,0.2997,0.0001,0.4456,0.0004],[0.2727,0.2692,2.4959e-12,0.4578,0.0002],[0.2572,0.3129,1.7573e-07,0.4296,0.0003],[0.2651,0.2692,7.3198e-06,0.4656,0.0001],[0.2894,0.2775,1.7555e-06,0.4321,0.001],[0.2937,0.2566,0.0005,0.4486,0.0006],[0.2938,0.2669,4.1284e-09,0.439,0.0002],[0.2654,0.2958,0.0001,0.4386,0],[0.294,0.2597,0,0.4463,8.2807e-09],[0.3139,0.2058,0.0001,0.4802,1.1761e-10],[0.2865,0.301,0.0003,0.412,0.0002],[0.2942,0.2694,0.0007,0.4348,0.0009],[0.278,0.2963,1.7337e-06,0.4257,0],[0.2772,0.2655,0.0003,0.4568,0.0003],[0.3016,0.2749,0,0.4235,1.0189e-09],[0.3131,0.2388,0.0036,0.4445,6.5292e-06],[0.3213,0.2582,0.0009,0.4196,0.0001],[0.3035,0.2768,4.7355e-06,0.4198,6.5382e-12],[0.2993,0.2361,2.0298e-06,0.4644,0.0002],[0.289,0.2901,5.5752e-12,0.4205,0.0003],[0.2899,0.2684,3.1203e-06,0.4417,3.2345e-10],[0.2992,0.3078,0.0004,0.3926,5.1304e-06],[0.2922,0.2945,0,0.4133,4.1341e-07],[0.2785,0.2488,0,0.4725,0.0002],[0.277,0.2515,0,0.4715,9.8235e-07],[0.2939,0.2662,2.3779e-09,0.4399,0],[0.333,0.2604,0.001,0.4056,3.6862e-07],[0.2994,0.2502,6.5282e-10,0.4498,0.0006],[0.2454,0.2969,0.0006,0.457,0.0001],[0.2727,0.2611,0.0001,0.4654,0.0007],[0.3121,0.266,0,0.4219,8.9152e-10],[0.2812,0.3049,2.9062e-14,0.4139,0],[0.338,0.2546,0.0001,0.4073,4.864e-06],[0.3078,0.2651,4.5874e-08,0.427,7.7331e-07],[0.2966,0.2514,0.0001,0.4519,0.0001],[0.2778,0.2902,8.1606e-08,0.4317,0.0003],[0.2961,0.2814,6.7114e-06,0.4224,0.0001],[0.2718,0.2876,3.365e-06,0.4407,1.1754e-06],[0.2859,0.3012,0.001,0.4118,2.0164e-09],[0.2924,0.2699,1.0476e-06,0.4377,0],[0.2943,0.2689,0.0001,0.4364,0.0003],[0.2707,0.299,3.0472e-10,0.4294,0.0008],[0.2811,0.2918,0.0004,0.4267,8.4353e-06],[0.3133,0.2645,0.0001,0.422,4.5415e-08],[0.3022,0.2763,0.0002,0.4212,9.3156e-06],[0.304,0.2912,2.0286e-06,0.4035,0.0013],[0.2707,0.2937,0.0016,0.434,2.5991e-09],[0.3237,0.2565,0.0025,0.4173,1.3335e-08],[0.2917,0.3086,0.0006,0.3983,0.0008],[0.2939,0.2994,0.0005,0.4061,0.0001],[0.2794,0.3069,0.0044,0.4091,0.0003],[0.2707,0.308,0.0031,0.4181,0.0001],[0.2789,0.2767,0.0052,0.4389,0.0003],[0.3161,0.2821,0.0004,0.4006,0.0009],[0.3066,0.2565,4.317e-06,0.4369,2.0392e-07],[0.2945,0.2657,0.0004,0.4393,5.212e-07],[0.2919,0.2488,0,0.4591,0.0001],[0.313,0.2697,0.0001,0.4167,0.0004],[0.3438,0.2748,0.0002,0.3811,0.0001],[0.2937,0.2598,0.0008,0.4457,2.8675e-07],[0.2778,0.3038,2.4513e-07,0.418,0.0003],[0.2914,0.2935,0.0005,0.4147,3.2046e-06],[0.2838,0.3035,0,0.4126,0.0001],[0.2906,0.2769,3.5169e-10,0.4314,0.0011],[0.3034,0.3093,1.0262e-06,0.3873,6.8005e-06],[0.289,0.2568,2.7091e-06,0.454,0.0003],[0.2949,0.2856,0.0017,0.4178,1.5491e-12],[0.2871,0.3063,3.8065e-07,0.4065,0.0001],[0.2876,0.2705,0.0003,0.4417,6.3808e-08],[0.3347,0.2579,0.0001,0.4074,1.1655e-13],[0.2902,0.3158,0,0.3924,0.0015],[0.2581,0.2962,0.0001,0.4455,0.0001],[0.3164,0.2537,0.0002,0.4292,0.0005],[0.3227,0.2521,3.8396e-06,0.425,0.0002],[0.3114,0.2863,0.0002,0.4021,8.4305e-06],[0.3263,0.268,0.0004,0.4052,4.1212e-06],[0.299,0.2784,3.4352e-06,0.4203,0.0023],[0.2816,0.288,7.8334e-06,0.4304,3.8939e-09],[0.2891,0.2923,0,0.4176,0.001],[0.3183,0.2812,0,0.4005,0],[0.297,0.2843,0.0001,0.4187,3.8615e-09],[0.3326,0.271,0.0022,0.3941,0.0001],[0.3201,0.2682,0.0001,0.4115,8.2902e-06],[0.2733,0.3056,4.5166e-07,0.4211,1.6313e-13],[0.3039,0.2892,0.0001,0.4067,0],[0.2997,0.2961,0,0.4041,8.3033e-16],[0.2755,0.2908,2.0153e-08,0.4335,0.0002],[0.3532,0.2598,5.4954e-12,0.387,0],[0.3186,0.2645,0.0006,0.4157,0.0006],[0.2605,0.2853,0.0002,0.454,0],[0.2927,0.2564,8.5705e-07,0.4509,2.0912e-06],[0.2782,0.2879,1.0235e-06,0.4338,0],[0.2828,0.2711,0.0001,0.446,0],[0.2812,0.3026,0.0003,0.4159,0],[0.2822,0.3136,7.654e-11,0.4041,0.0001],[0.2887,0.3095,0,0.4013,0.0004],[0.2803,0.3387,8.3618e-07,0.38,0.0009],[0.3321,0.2827,0.0001,0.3851,8.4486e-06],[0.3196,0.2679,0,0.4116,0.0009],[0.3198,0.2671,0.0015,0.4109,0.0007],[0.2914,0.288,2.3684e-06,0.4205,0.0001],[0.3195,0.2948,0,0.3856,2.5396e-09],[0.3134,0.3057,3.4751e-06,0.38,0.0009],[0.3158,0.271,0.0052,0.408,0],[0.2949,0.2741,2.7443e-08,0.4307,0.0002],[0.2869,0.2646,0.0003,0.4481,0.0001],[0.2871,0.3132,1.0732e-06,0.3996,0],[0.3224,0.2994,0.0001,0.3778,0.0004],[0.3052,0.2772,1.3413e-09,0.4176,0],[0.2816,0.2882,0.0017,0.4284,0.0002],[0.2711,0.3007,0.0041,0.4239,0.0001],[0.3059,0.261,0.0007,0.4323,0.0001],[0.2517,0.3429,0.0001,0.4053,0],[0.3067,0.2941,0,0.3991,5.4486e-06],[0.2947,0.2999,0,0.4049,0.0006],[0.2897,0.2697,0.0001,0.4405,9.4853e-09],[0.2846,0.3045,1.6192e-08,0.4109,7.6967e-07],[0.2971,0.2991,0.0001,0.4038,6.1866e-07],[0.2799,0.2997,0.0005,0.4199,0],[0.2845,0.2832,2.1309e-11,0.4323,0],[0.3173,0.2611,0.0001,0.4215,0],[0.2701,0.3227,0.0003,0.4051,0.0017],[0.2777,0.3176,0.0002,0.4019,0.0025],[0.2571,0.2731,7.1037e-10,0.4694,0.0004],[0.2877,0.3021,8.1871e-10,0.4102,1.7621e-06],[0.3002,0.2643,1.7543e-06,0.4354,0.0001],[0.2786,0.3117,0,0.4095,0.0001],[0.2777,0.2831,1.6623e-07,0.4354,0.0038],[0.2962,0.2734,1.9561e-07,0.4302,0.0002],[0.2819,0.3195,0.0002,0.3984,2.4581e-09],[0.3078,0.2771,0,0.4148,0.0004],[0.2699,0.2969,0.0001,0.433,6.6182e-11],[0.312,0.2527,0,0.4352,0],[0.2827,0.2856,6.8406e-08,0.4309,0.0008],[0.3155,0.2739,0.0002,0.4104,3.0065e-09],[0.2821,0.2695,0.0021,0.4463,1.3368e-06],[0.3206,0.269,1.2391e-09,0.4104,1.2083e-11],[0.2751,0.2742,0.0001,0.4501,0.0006],[0.3173,0.2613,5.5643e-06,0.4214,0.0001],[0.3043,0.2807,0.0007,0.4142,0.0001],[0.3299,0.244,0.0001,0.4245,0.0015],[0.3235,0.2807,0,0.3958,0.0001],[0.3046,0.287,1.5034e-06,0.4084,1.576e-10],[0.3072,0.2575,0.0001,0.4351,0],[0.2994,0.2951,1.1082e-07,0.4046,0.0009],[0.3145,0.2483,2.2439e-06,0.4372,1.8739e-06],[0.31,0.2927,0.0004,0.3969,4.7466e-06],[0.3059,0.3271,0,0.367,1.7528e-09],[0.2932,0.3058,0.0001,0.4009,2.6283e-07],[0.3104,0.2981,0,0.3914,1.7157e-07],[0.2903,0.2805,0.0003,0.4289,2.7765e-09],[0.2952,0.2637,6.287e-10,0.4411,0],[0.3318,0.2588,2.1099e-07,0.4094,2.2277e-06],[0.2856,0.303,0.0002,0.4105,0.0007],[0.2984,0.306,0.0021,0.3935,6.2308e-06],[0.2558,0.3032,0.0028,0.4383,3.3714e-09],[0.3054,0.2989,0.0029,0.3927,0],[0.2785,0.3447,1.0301e-06,0.3768,3.0907e-10],[0.2768,0.289,1.1555e-08,0.4338,0.0004],[0.2884,0.3089,1.1069e-12,0.4027,7.3533e-10],[0.2791,0.2911,3.7516e-11,0.4296,0.0001],[0.257,0.2857,0.0003,0.457,1.2586e-11],[0.3141,0.2862,0.0001,0.3996,5.6926e-15],[0.2859,0.2888,0.0002,0.425,0.0002],[0.2932,0.2827,0.0006,0.4232,0.0003],[0.3107,0.2888,0.0014,0.3992,2.4964e-07],[0.2991,0.3163,0,0.3845,0.0001],[0.2844,0.3111,1.0783e-14,0.4045,7.9927e-08],[0.3267,0.2817,0.0001,0.3914,1.9822e-15],[0.3073,0.3132,8.5944e-06,0.3792,0.0002],[0.3011,0.2773,0.0002,0.4185,0.0029],[0.2785,0.2909,0.0002,0.4303,0.0001],[0.2985,0.2712,0.0016,0.4271,0.0017],[0.2874,0.2804,0.0016,0.4305,0.0001],[0.2878,0.313,0.0002,0.3989,2.0245e-11],[0.2971,0.3026,0.0003,0.4,5.6239e-08],[0.3518,0.2645,2.3131e-10,0.3837,0.0001],[0.3087,0.3107,3.6298e-10,0.3805,0.0001],[0.3545,0.2914,0,0.354,0],[0.2841,0.3049,0.0003,0.4069,0.0037],[0.3344,0.2292,0.0002,0.4362,0],[0.3253,0.2729,0.0001,0.3999,0.0019],[0.3141,0.2532,0.0008,0.4318,0.0001],[0.3165,0.2888,0.0022,0.3925,9.7163e-10],[0.2903,0.3278,0.0029,0.379,3.8565e-09],[0.313,0.2894,0.0017,0.3959,2.7983e-08],[0.2778,0.2685,2.4055e-06,0.4537,4.9732e-06],[0.3291,0.2469,0.0007,0.4225,0.0009],[0.3258,0.3033,0.0001,0.3708,0.0001],[0.2828,0.3166,0.0018,0.3981,0.0007],[0.3541,0.3028,0.0001,0.3426,0.0003],[0.339,0.3063,4.851e-08,0.3547,0],[0.2929,0.34,0.0003,0.3667,3.2901e-06],[0.3362,0.317,0.0004,0.3464,1.1936e-09],[0.3071,0.3224,0.0004,0.3694,0.0007],[0.3219,0.2661,0,0.4119,2.1895e-07],[0.2974,0.3105,4.041e-06,0.3918,0.0002],[0.3251,0.2996,5.2357e-09,0.3753,0.0001],[0.2976,0.3084,0.0006,0.3932,0.0002],[0.2734,0.3075,9.9672e-09,0.4189,0.0001],[0.303,0.305,0.0001,0.3916,0.0003],[0.3027,0.3024,0,0.3948,0],[0.3314,0.2736,0.0005,0.394,0.0005],[0.2898,0.2705,0,0.4396,1.0791e-12],[0.3343,0.2591,0,0.4066,5.774e-06],[0.3061,0.2678,0.0002,0.4251,0.0008],[0.316,0.2591,3.1671e-07,0.425,6.0622e-08],[0.2885,0.3013,1.0534e-10,0.4102,0],[0.3176,0.2577,2.0039e-06,0.4247,0],[0.3178,0.246,0.0018,0.4344,2.1058e-07],[0.3138,0.2989,1.6034e-08,0.3869,0.0005],[0.3025,0.2838,8.6724e-08,0.4136,1.4479e-09],[0.2796,0.2905,0.0011,0.4288,8.7028e-06],[0.3036,0.3009,0,0.3954,6.7092e-06],[0.2973,0.2762,0.0022,0.4239,0.0004],[0.3196,0.2746,0.0001,0.4058,1.9642e-06],[0.3158,0.2621,1.4331e-09,0.4219,0.0001],[0.2725,0.2904,0.0001,0.4369,0.0001],[0.3577,0.262,9.5916e-11,0.3803,1.3761e-12],[0.3185,0.3054,2.7141e-07,0.3759,0.0002],[0.2862,0.3129,0.0043,0.3963,0.0003],[0.329,0.2789,0.0006,0.3915,5.6717e-06],[0.3223,0.2886,8.1714e-07,0.3891,4.8692e-09],[0.3034,0.2803,0.0001,0.4162,1.0707e-07],[0.3172,0.2762,0,0.4061,0.0005],[0.3245,0.26,2.5277e-06,0.415,0.0005],[0.2815,0.2662,0.003,0.4491,0.0002],[0.2793,0.2866,0.0046,0.4295,3.8779e-07],[0.3279,0.301,0.0025,0.3684,0.0002],[0.3017,0.2632,0.0001,0.4348,0.0002],[0.2985,0.2938,0.0001,0.4077,5.0337e-07],[0.3079,0.2851,0,0.4065,0.0006],[0.3222,0.2782,0.0013,0.3969,0.0014],[0.297,0.2905,0,0.412,0.0005],[0.3004,0.2995,0.0002,0.3999,4.8489e-06],[0.311,0.2929,3.2175e-06,0.3961,1.2019e-17],[0.3466,0.2431,0.0001,0.4102,5.1612e-06],[0.3146,0.2772,0,0.4081,0.0001],[0.326,0.3153,0,0.3586,3.0594e-09],[0.2655,0.2941,0.0004,0.4399,1.1498e-06],[0.313,0.246,0.0009,0.4393,0.0009],[0.3184,0.2607,0.0027,0.4177,0.0005],[0.3323,0.2701,0.0006,0.397,8.4326e-09],[0.3073,0.2583,0.0005,0.4331,0.0009],[0.3361,0.2771,0.0001,0.3868,1.4006e-06],[0.3378,0.2545,4.7341e-06,0.4076,1.8575e-09],[0.3612,0.2385,2.896e-07,0.4003,3.5269e-06],[0.3252,0.2839,0.0036,0.3873,0],[0.3488,0.2498,4.7795e-11,0.4014,0],[0.3382,0.2675,1.4317e-06,0.3922,0.0021],[0.3286,0.2708,0,0.4006,3.3027e-06],[0.3179,0.2583,9.363e-06,0.4237,0.0001],[0.3552,0.228,4.3629e-06,0.4168,4.521e-09],[0.3339,0.262,0.0004,0.4036,1.0378e-06],[0.3269,0.306,4.7742e-09,0.3671,0],[0.3379,0.2887,0.0001,0.3715,0.0018],[0.3594,0.2421,0.0007,0.3977,0.0001],[0.3484,0.2529,0.0037,0.395,0],[0.3309,0.295,9.4057e-06,0.3741,6.4975e-06],[0.3185,0.2737,0.0011,0.4055,0.0012],[0.2684,0.3021,0.0019,0.4277,9.7268e-07],[0.3064,0.2793,0.0001,0.4142,3.0759e-09],[0.3615,0.2704,0,0.3677,0.0004],[0.3253,0.2631,0.0001,0.4113,0.0003],[0.3213,0.2541,1.8249e-08,0.4246,5.0788e-06],[0.3309,0.2686,0.0008,0.3992,0.0005],[0.3394,0.2774,0.0009,0.3821,0.0002],[0.3275,0.2705,0.003,0.399,0],[0.346,0.2631,0.0044,0.3864,0],[0.3233,0.2539,0.0065,0.4163,0.0001],[0.3075,0.2741,1.5351e-06,0.4182,0.0002],[0.2999,0.2959,0.0003,0.404,0],[0.3369,0.2519,0.0017,0.4094,9.7764e-07],[0.3187,0.2832,0.0011,0.397,6.4419e-06],[0.3196,0.2967,5.2878e-06,0.3836,0.0001],[0.2978,0.2635,0.0026,0.4361,0],[0.3231,0.2909,0.0036,0.3823,0],[0.3444,0.2686,0.0055,0.3816,9.7774e-06],[0.3245,0.2507,0.0014,0.4206,0.0027],[0.347,0.2676,5.751e-06,0.3854,0],[0.3339,0.2793,0.0003,0.3862,0.0004],[0.3557,0.2579,0,0.3862,0.0001],[0.31,0.2787,0.0002,0.4112,1.8454e-07],[0.3202,0.2597,0.0001,0.4201,3.1935e-07],[0.3136,0.2859,0.0035,0.3969,3.5085e-07],[0.318,0.279,0.0038,0.3992,0],[0.3023,0.2729,0.0034,0.4204,0.001],[0.3145,0.2903,0.003,0.3922,0.0001],[0.3661,0.285,0.0002,0.3486,0.0002],[0.3139,0.2805,0.0002,0.4053,0.0001],[0.3156,0.2769,0.0001,0.4073,0.0001],[0.3022,0.302,0,0.3956,0.0002],[0.3135,0.2775,0,0.4089,3.0416e-06],[0.3177,0.266,5.1154e-08,0.4162,0.0001],[0.3177,0.2518,0.0001,0.4303,0.0001],[0.3399,0.2542,0.009,0.3967,0.0001],[0.3119,0.2964,5.0412e-07,0.3905,0.0012],[0.3999,0.2488,4.1853e-06,0.3505,0.0008],[0.3457,0.3052,0.0017,0.3473,0.0002],[0.3448,0.2892,0.0013,0.359,0.0056],[0.3462,0.3108,5.206e-07,0.3417,0.0013],[0.3258,0.2881,2.0266e-09,0.386,0.0001],[0.3446,0.2609,0,0.3945,6.7509e-11],[0.3329,0.2671,4.4242e-10,0.4,3.1654e-07],[0.3679,0.2438,1.6089e-06,0.3881,0.0001],[0.3338,0.2846,0.0002,0.3813,0],[0.3567,0.2356,8.5343e-07,0.4071,0.0006],[0.3177,0.26,0.0006,0.4217,0],[0.3487,0.2767,0.0033,0.3713,0],[0.2928,0.2876,0.0005,0.4191,4.2533e-07],[0.3216,0.2628,0.0017,0.4134,0.0004],[0.3565,0.2534,0.0014,0.3887,2.4238e-06],[0.3379,0.252,0.0012,0.4089,1.3421e-09],[0.3232,0.2517,0.0033,0.4217,0],[0.2911,0.2905,0.0018,0.4166,8.8604e-06],[0.316,0.2589,0.0002,0.4238,0.001],[0.3221,0.2902,0.0002,0.3871,0.0004],[0.3296,0.3201,0.0004,0.3499,5.9977e-06],[0.3504,0.2469,0.0017,0.401,6.139e-06],[0.3737,0.2544,4.7795e-07,0.3719,0],[0.3114,0.3289,5.9704e-07,0.3595,0.0002],[0.2986,0.2935,4.5464e-07,0.4079,5.4817e-06],[0.3125,0.2781,0.0002,0.4089,0.0003],[0.348,0.2593,3.7124e-09,0.3926,0.0001],[0.3788,0.2485,0,0.3727,6.6313e-08],[0.3463,0.2558,1.7175e-06,0.3979,0],[0.3506,0.273,0.0002,0.3761,0],[0.3287,0.2587,0.0033,0.4093,1.9421e-08],[0.3346,0.3017,0.0005,0.3612,0.002],[0.3463,0.3026,0.0041,0.3469,0.0001],[0.357,0.256,0.0057,0.3811,0.0002],[0.3326,0.2652,0.0015,0.4007,1.772e-06],[0.3245,0.288,6.7629e-08,0.3875,1.1981e-07],[0.3627,0.2427,2.787e-06,0.3947,9.9928e-08],[0.3447,0.2818,0.0015,0.372,0],[0.3361,0.2914,0,0.3722,0.0002],[0.3587,0.244,0.0002,0.396,0.0011],[0.3198,0.2768,0.0008,0.4007,0.0019],[0.3111,0.2645,0.0001,0.4242,0.0001],[0.2759,0.2841,0.0002,0.4397,0.0001],[0.3324,0.2578,0.0006,0.4092,0],[0.3091,0.2876,0.0007,0.4027,2.1315e-07],[0.3262,0.2699,0.0011,0.4027,2.4634e-08],[0.3288,0.2511,0.0007,0.4194,3.2906e-06],[0.3099,0.2981,0,0.3919,6.1027e-07],[0.3075,0.3235,0.0002,0.3687,0.0001],[0.296,0.3108,0.0003,0.393,8.2122e-07],[0.3115,0.2576,0.0002,0.4308,2.0482e-07],[0.3275,0.2642,0,0.4083,0],[0.3585,0.2785,0.0001,0.3628,0],[0.2926,0.3033,4.6817e-06,0.4037,0.0004],[0.3398,0.2419,0.0005,0.4149,0.003],[0.3371,0.2874,0.0002,0.3749,0.0004],[0.3643,0.2549,0.0003,0.3805,1.0218e-08],[0.3677,0.2489,0,0.3833,9.0796e-07],[0.3624,0.283,2.216e-06,0.3546,3.3101e-11],[0.3429,0.2379,0.0004,0.4187,5.483e-06],[0.3149,0.2789,8.9941e-09,0.4062,0],[0.3126,0.299,1.9457e-06,0.3871,0.0013],[0.3028,0.2663,0.0001,0.4308,0],[0.2723,0.2918,0,0.4359,3.6676e-07],[0.302,0.2971,0.0001,0.4008,7.2225e-07],[0.2925,0.2975,0.0002,0.4097,0.0001],[0.3381,0.2727,6.2798e-08,0.3892,1.2209e-08],[0.3612,0.249,2.8882e-10,0.3898,5.0932e-06],[0.3333,0.2597,0.0001,0.4069,2.5154e-07],[0.3178,0.2571,3.8509e-12,0.425,6.8309e-09],[0.353,0.2348,3.4216e-06,0.4122,0],[0.2966,0.2792,1.127e-07,0.4242,2.3235e-06],[0.3225,0.2542,8.0181e-11,0.4233,0],[0.331,0.2419,0.0001,0.4267,0.0003],[0.3359,0.2738,9.4001e-09,0.3902,1.0954e-06],[0.3255,0.2782,0,0.3963,3.9935e-07],[0.3288,0.2774,1.092e-07,0.3938,9.1218e-07],[0.3279,0.2961,0.0017,0.3724,0.0019],[0.3454,0.2665,0.011,0.3771,1.6068e-07],[0.3426,0.2901,0.0009,0.3664,2.0949e-06],[0.3549,0.2443,0,0.4007,8.6956e-06],[0.4034,0.2379,4.2719e-07,0.3586,0.0001],[0.3147,0.2848,0,0.4004,0.0001],[0.3418,0.1998,2.2251e-06,0.4583,0.0002],[0.3185,0.2629,0.0001,0.4185,2.7194e-07],[0.3625,0.2552,0.0002,0.3822,6.0949e-11],[0.3433,0.2853,9.1854e-10,0.3714,0.0001],[0.3641,0.2521,1.154e-09,0.3838,3.4946e-07],[0.3096,0.2768,0.0011,0.4124,7.607e-06],[0.3597,0.2443,0.003,0.393,0.0001],[0.3293,0.2674,3.6885e-06,0.4033,8.093e-08],[0.3311,0.2493,0.0002,0.4194,4.6517e-13],[0.3323,0.2857,0,0.3802,0.0018],[0.3379,0.2357,0.0002,0.425,0.0012],[0.3771,0.2225,0.0008,0.3995,0.0001],[0.3263,0.2699,9.0566e-06,0.4038,0],[0.3336,0.2405,1.4418e-17,0.4258,0.0001],[0.387,0.2451,3.3723e-06,0.367,0.0009],[0.3513,0.2762,0.001,0.3715,0],[0.3686,0.2092,0,0.4202,0.0019],[0.3285,0.2749,0.0009,0.3958,3.4928e-12],[0.3301,0.2549,0.0029,0.4121,1.5331e-07],[0.3075,0.29,0.0031,0.3995,6.433e-09],[0.3571,0.2605,0.006,0.3762,0.0002],[0.375,0.2547,0.0001,0.3702,7.2417e-10],[0.3238,0.2468,0.0001,0.4293,7.9684e-06],[0.3504,0.2405,2.4949e-08,0.4083,0.0008],[0.3445,0.2352,1.3885e-07,0.4199,0.0004],[0.3122,0.2689,0.0013,0.4176,3.7338e-07],[0.336,0.2389,0,0.425,0],[0.3395,0.265,0.0001,0.3945,0.0009],[0.3707,0.2464,4.114e-10,0.3822,0.0007],[0.3322,0.2496,1.4064e-06,0.417,0.0012],[0.3627,0.2663,4.0597e-11,0.3704,0.0006],[0.3456,0.2677,3.2777e-07,0.3867,4.392e-06],[0.3189,0.2693,0.0001,0.4114,0.0003],[0.3436,0.2566,4.7299e-09,0.3998,1.5591e-08],[0.4056,0.2615,1.8404e-07,0.3326,0.0003],[0.3654,0.212,0,0.4211,0.0014],[0.347,0.2354,0.0012,0.4161,0.0002],[0.3109,0.2685,1.8984e-08,0.4206,4.2234e-06],[0.3652,0.2623,3.824e-07,0.3716,0.0009],[0.3777,0.2111,2.7959e-10,0.4111,0],[0.3895,0.2653,0,0.3446,0.0006],[0.3234,0.2691,7.0044e-18,0.4041,0.0034],[0.3677,0.2532,5.5285e-07,0.3791,9.6503e-08],[0.3752,0.248,0.0011,0.3756,0.0001],[0.3306,0.2476,0,0.4217,2.172e-11],[0.339,0.2649,0.0038,0.3916,0.0008],[0.3454,0.308,0.0001,0.3465,4.0292e-08],[0.3211,0.281,0.0006,0.3972,2.6323e-07],[0.3344,0.277,0.0086,0.3794,0.0006],[0.3449,0.2539,0.003,0.3982,0],[0.3709,0.2534,0.0012,0.3744,0.0001],[0.3901,0.2416,2.2536e-06,0.3683,9.1701e-06],[0.3573,0.2346,0.0003,0.4078,0],[0.3781,0.2138,0.0005,0.4076,2.2588e-12],[0.3686,0.2246,0.0001,0.4065,0.0001],[0.3887,0.2109,0.0001,0.398,0.0023],[0.3097,0.2521,1.3822e-06,0.4382,2.4111e-06],[0.352,0.2238,0,0.4238,0.0003],[0.32,0.2718,0,0.4081,0],[0.3255,0.2815,8.7541e-08,0.3929,1.1154e-08],[0.3404,0.2481,0,0.4114,0],[0.3734,0.2902,1.6932e-08,0.3362,0.0002],[0.3672,0.252,8.7113e-06,0.3797,0.001],[0.3732,0.2582,7.7948e-06,0.3686,0],[0.3746,0.2413,1.2352e-07,0.3841,2.0654e-07],[0.3265,0.2758,0.0004,0.3974,1.2794e-14],[0.3311,0.2574,3.8961e-11,0.4115,8.2302e-18],[0.3453,0.3037,0.0001,0.35,0.001],[0.3246,0.2659,3.242e-08,0.4094,7.7301e-06],[0.353,0.2463,2.476e-06,0.4005,0.0002],[0.3098,0.2483,7.9547e-06,0.4418,0.0001],[0.3367,0.2625,0.0001,0.3997,0.0011],[0.3399,0.2419,0,0.4182,9.7169e-07],[0.3405,0.2588,0,0.4005,0.0001],[0.3166,0.2847,0.0011,0.3977,1.0135e-06],[0.331,0.2892,0.0012,0.3785,0],[0.3262,0.3089,0.0003,0.364,0.0005],[0.3028,0.2799,7.6845e-07,0.4173,1.7979e-08],[0.3055,0.2339,0.0009,0.4598,3.2412e-07],[0.3397,0.2383,0.0003,0.4217,5.3042e-10],[0.3535,0.2389,0,0.4062,0.0013],[0.3497,0.2483,3.4014e-07,0.402,0.0001],[0.3334,0.2593,0.0004,0.4068,5.1504e-09],[0.3563,0.2408,0.0001,0.4027,4.3464e-09],[0.3382,0.264,1.3199e-06,0.3978,0.0001],[0.3075,0.2705,0.0039,0.418,4.1445e-06],[0.3449,0.2634,0.0027,0.389,1.8655e-07],[0.3206,0.2463,0.0041,0.4289,0],[0.339,0.2357,2.9903e-06,0.4253,8.8925e-06],[0.363,0.2563,2.1911e-06,0.3807,0],[0.2963,0.3102,0,0.3935,2.6803e-07],[0.3501,0.262,3.7435e-06,0.388,2.3175e-07],[0.3095,0.301,0.0008,0.3887,0],[0.3395,0.2554,0.0027,0.4025,4.2176e-08],[0.3399,0.2324,0.0009,0.4268,2.8726e-11],[0.3103,0.2844,0,0.4051,0.0002],[0.3285,0.2493,3.6181e-07,0.4217,0.0005],[0.3141,0.2795,0.0001,0.4062,0.0001],[0.3472,0.278,0.0012,0.3737,2.4364e-07],[0.3486,0.2551,1.9083e-10,0.3963,7.8704e-07],[0.3232,0.2849,0.0008,0.3911,0.0001],[0.329,0.266,0,0.405,0],[0.3138,0.2815,7.4395e-06,0.4036,0.0011],[0.3369,0.2469,0.0001,0.4161,0.0001],[0.3302,0.2756,0.0001,0.3942,7.0393e-14],[0.3305,0.2737,0,0.3958,7.6785e-07],[0.3485,0.2598,0,0.3901,0.0016],[0.3568,0.2581,5.6876e-06,0.385,0.0001],[0.329,0.2247,1.0213e-08,0.4433,0.0029],[0.3177,0.2609,5.4869e-06,0.421,0.0004],[0.3327,0.2807,0.0003,0.3858,0.0004],[0.3221,0.2603,9.4888e-08,0.4176,4.4927e-06],[0.3181,0.2536,0.0001,0.4282,7.6278e-07],[0.3308,0.2849,0.0015,0.3827,0.0002],[0.3524,0.3281,0.0002,0.3186,0.0006],[0.3722,0.2416,0,0.3862,2.6133e-06],[0.3344,0.2672,2.4983e-10,0.3984,0.0001],[0.3493,0.243,5.9498e-07,0.4075,0.0003],[0.338,0.2595,0.0031,0.3994,2.8888e-06],[0.3538,0.3195,0.0008,0.3258,0],[0.3609,0.2953,2.0275e-08,0.3437,0.0001],[0.3349,0.2867,0.0002,0.3783,0],[0.3222,0.2933,0,0.3844,0],[0.3381,0.2855,1.0599e-07,0.3762,0.0002],[0.3254,0.2402,0.0001,0.4343,7.3209e-08],[0.3044,0.3033,0.0021,0.3898,0.0004],[0.3016,0.2573,0.001,0.4385,0.0016],[0.2828,0.3021,0.0001,0.415,0.0001],[0.3259,0.2895,3.7275e-08,0.3846,1.3547e-09],[0.3536,0.2553,1.4171e-07,0.391,0.0001],[0.3569,0.266,0.0005,0.3765,0],[0.3616,0.2461,6.7902e-07,0.392,0.0003],[0.3348,0.2702,0.0016,0.3934,7.7761e-07],[0.3311,0.2798,3.9857e-07,0.389,0.0001],[0.3236,0.26,0.0001,0.4139,0.0024],[0.3099,0.2203,0.0016,0.4682,5.2633e-07],[0.3183,0.2878,0.0024,0.3913,0.0002],[0.2876,0.2989,0.0017,0.4118,5.4533e-08],[0.3173,0.2723,0.0012,0.4092,0.0001],[0.3152,0.2679,0,0.4168,0],[0.3533,0.282,0,0.3644,0.0004],[0.3212,0.3003,2.9853e-16,0.3785,0],[0.3391,0.2513,0.0007,0.4089,2.4958e-07],[0.315,0.2644,0.0018,0.4187,2.1266e-09],[0.3326,0.2548,0.0034,0.3973,0.0119],[0.3142,0.283,0.0003,0.4026,0],[0.3785,0.2395,0,0.3817,0.0002],[0.3443,0.2322,1.4866e-07,0.4235,0],[0.3246,0.266,0.0001,0.4091,0.0003],[0.35,0.2431,4.3078e-07,0.4067,0.0002],[0.3632,0.2606,2.8566e-06,0.3761,0.0001],[0.3441,0.2709,1.0603e-07,0.385,7.5564e-06],[0.3733,0.2685,0.0002,0.3577,0.0003],[0.36,0.2642,0.002,0.3698,0.0039],[0.3445,0.2877,7.7132e-12,0.3671,0.0007],[0.3379,0.273,7.869e-06,0.3834,0.0057],[0.3268,0.2355,9.6849e-07,0.437,0.0006],[0.3446,0.2665,1.0036e-06,0.3878,0.001],[0.4029,0.2508,0.0001,0.3438,0.0024],[0.356,0.2666,0.0016,0.3757,0],[0.3382,0.2887,9.031e-07,0.3713,0.0018],[0.3485,0.2347,0,0.4167,0.0001],[0.3112,0.2852,9.7648e-07,0.4036,0.0001],[0.3762,0.29,8.2897e-07,0.3338,1.403e-07],[0.3852,0.2464,0,0.3684,0],[0.355,0.2565,7.9695e-06,0.3886,3.6974e-11],[0.3593,0.267,0.0002,0.3708,0.0027],[0.3337,0.2761,0.0002,0.3896,0.0004],[0.3267,0.2744,0.0003,0.3986,3.8495e-08],[0.3231,0.2578,5.4219e-06,0.4189,0.0002],[0.3175,0.2798,0.0007,0.4019,0.0001],[0.3338,0.2863,0.001,0.3789,1.0258e-06],[0.3619,0.2429,4.5268e-09,0.3952,5.1124e-07],[0.4011,0.229,5.8162e-06,0.3698,0.0001],[0.3687,0.2852,1.8726e-06,0.3461,0],[0.3413,0.2548,4.4633e-12,0.4036,0.0003],[0.3391,0.2629,0.0013,0.3967,0],[0.3192,0.2811,0.0061,0.3909,0.0027],[0.3664,0.267,0.0022,0.3644,0],[0.3518,0.2962,0.0022,0.3497,0.0002],[0.3021,0.2957,6.427e-07,0.402,0.0002],[0.379,0.2867,0.0006,0.3337,2.2861e-07],[0.3242,0.2942,0.0031,0.3784,0.0001],[0.3312,0.2355,0.0008,0.4324,0.0001],[0.34,0.2826,5.9046e-08,0.3774,2.3916e-06],[0.3674,0.2355,2.9095e-07,0.3967,0.0003],[0.3302,0.2971,0.0004,0.3723,3.3139e-06],[0.356,0.2924,8.1632e-08,0.3515,5.2099e-08],[0.3207,0.2648,1.3453e-08,0.4146,2.3883e-06],[0.3408,0.2854,0,0.3737,7.3544e-06],[0.3401,0.3016,2.2305e-06,0.3583,2.8028e-09],[0.3531,0.2716,0.0007,0.3744,0.0002],[0.3105,0.2947,8.8909e-08,0.394,0.0008],[0.3311,0.2903,0.0002,0.3784,1.1075e-08],[0.3693,0.2904,1.9098e-08,0.3401,0.0003],[0.3294,0.28,0.0004,0.3902,2.9911e-13],[0.3278,0.3045,1.4196e-07,0.3677,6.8684e-08],[0.3388,0.2942,0,0.367,8.6366e-08],[0.333,0.2883,1.1805e-06,0.3788,5.7609e-07],[0.3393,0.2963,0.0004,0.364,6.4121e-06],[0.3336,0.2986,0.0014,0.3663,0.0002],[0.3826,0.2678,0.0047,0.3449,3.3097e-07],[0.3316,0.2966,0.0037,0.368,0.0001],[0.345,0.2969,0.0011,0.357,0],[0.335,0.2865,0.0019,0.3766,0],[0.3194,0.2978,0.0001,0.3824,0.0004],[0.3132,0.2894,0.0009,0.3963,0.0003],[0.353,0.2869,0.0001,0.3585,0.0015],[0.3338,0.2416,2.0286e-08,0.4222,0.0024],[0.3671,0.2173,9.663e-07,0.4156,5.415e-06],[0.3489,0.2778,0.0014,0.3719,1.1087e-11],[0.3727,0.2443,3.9227e-07,0.3807,0.0022],[0.325,0.3361,0.0031,0.3356,0.0002],[0.3642,0.3,2.4368e-11,0.3358,1.106e-13],[0.3615,0.2696,2.0305e-07,0.3689,0.0001],[0.3388,0.2844,0.0009,0.376,5.7615e-07],[0.361,0.2798,0.0017,0.3575,1.7944e-07],[0.3591,0.238,1.8873e-06,0.4027,0.0001],[0.3796,0.2381,3.1317e-06,0.3822,5.7332e-06],[0.3507,0.2528,0.0003,0.3955,0.0008],[0.3177,0.2762,0,0.4061,5.9854e-07],[0.2818,0.2983,1.0272e-06,0.4196,0.0003],[0.282,0.2659,0.0047,0.4473,1.8428e-06],[0.3345,0.2872,0.0001,0.3783,1.9737e-12],[0.3401,0.2817,0,0.3782,4.0081e-07],[0.3212,0.2919,0.0001,0.3868,3.834e-07],[0.3467,0.2829,0.0002,0.3701,0.0001],[0.323,0.2784,0.0019,0.3967,3.837e-08],[0.3485,0.2806,0.0019,0.3675,0.0015],[0.3294,0.295,0.0016,0.3739,0.0002],[0.353,0.2756,4.5142e-12,0.3714,0],[0.3253,0.2356,0.0001,0.439,1.4696e-09],[0.3323,0.2823,3.116e-14,0.3848,0.0005],[0.3039,0.3154,0.0001,0.3806,3.2447e-08],[0.3448,0.2784,0.0003,0.3764,4.6638e-08],[0.3297,0.2559,7.9146e-07,0.4138,0.0006],[0.3394,0.2355,0.0009,0.4242,4.068e-06],[0.3318,0.2783,0.0004,0.3894,0],[0.3734,0.2307,0.0003,0.3956,3.3513e-08],[0.3414,0.3031,0.0031,0.3524,2.7227e-06],[0.3108,0.2535,0.0004,0.4352,5.9424e-18],[0.3702,0.2562,0.0001,0.3731,0.0003],[0.3459,0.2685,0.0004,0.3849,0.0003],[0.301,0.2513,0.0003,0.4474,4.8092e-06],[0.3362,0.2613,0.0006,0.4019,9.2523e-09],[0.3652,0.269,0.0006,0.3651,0.0001],[0.3144,0.2753,0.0001,0.41,0.0003],[0.2874,0.2975,1.073e-12,0.4151,4.3493e-06],[0.3539,0.2464,0.0001,0.3995,5.5351e-06],[0.3568,0.2479,0.0011,0.3942,0],[0.3181,0.2799,0,0.4019,0.0001],[0.2765,0.2785,0.0012,0.4438,0],[0.3289,0.2688,0,0.402,0.0003],[0.3072,0.308,0.0003,0.3838,0.0008],[0.3072,0.2771,0.0001,0.4135,0.0021],[0.2833,0.2824,0.0001,0.4341,2.2531e-07],[0.2933,0.2761,0,0.4305,0.0001],[0.3035,0.3102,0.0022,0.3837,0.0004],[0.3155,0.2611,0,0.4233,0],[0.3451,0.2371,6.0018e-06,0.4173,0.0006],[0.3036,0.2681,0.0001,0.4281,0.0002],[0.3523,0.2264,3.5499e-08,0.4213,1.6496e-07],[0.3453,0.2623,1.4578e-06,0.3924,0.0001],[0.3374,0.2793,0.0001,0.3833,2.7733e-06],[0.3442,0.2481,0,0.4077,0],[0.3184,0.2712,1.0193e-07,0.4104,0],[0.3271,0.2872,0.0009,0.3847,0.0001],[0.346,0.2612,0,0.3927,6.8142e-10],[0.3569,0.2701,7.3217e-06,0.3729,0.0001],[0.3719,0.2599,0.0001,0.3681,0],[0.3331,0.2934,1.9594e-07,0.3735,0],[0.3388,0.2926,0.0004,0.368,0.0001],[0.3235,0.3054,0,0.3703,0.0008],[0.3688,0.2618,0,0.3694,6.1767e-07],[0.3082,0.2805,0.0002,0.4103,0.0008],[0.3137,0.2789,0.0001,0.407,0.0003],[0.3511,0.2167,0,0.4321,0.0001],[0.3368,0.2685,4.8559e-06,0.3945,0.0003],[0.2855,0.2599,1.4739e-06,0.4542,0.0004],[0.3308,0.2614,0,0.4077,0],[0.3106,0.2575,2.2737e-15,0.4319,0],[0.3568,0.2755,0,0.3663,0.0014],[0.3685,0.2599,2.4691e-10,0.3712,0.0004],[0.3438,0.306,0.0003,0.3499,2.1145e-08],[0.3505,0.2402,0,0.4093,8.3481e-06],[0.3572,0.2643,0.0005,0.3781,3.8962e-08],[0.3244,0.2738,0.0036,0.397,0.0012],[0.3169,0.2845,0.0017,0.397,2.3544e-08],[0.3659,0.2555,0.0001,0.3784,9.6483e-06],[0.3486,0.256,0.0006,0.3948,0],[0.394,0.2471,3.1177e-07,0.3585,0.0004],[0.3356,0.2559,0.0001,0.4084,2.1033e-06],[0.3233,0.279,0,0.3976,1.9478e-06],[0.3488,0.231,4.2735e-06,0.4199,0.0003],[0.3213,0.2937,5.878e-08,0.385,1.9844e-06],[0.3311,0.266,0.0003,0.4026,2.0815e-08],[0.2967,0.2467,1.0498e-07,0.4566,4.308e-06],[0.2944,0.3095,1.0278e-08,0.3959,0.0002],[0.3356,0.276,7.6599e-07,0.3884,5.5886e-07],[0.3306,0.2679,2.7375e-06,0.4014,0.0001],[0.3174,0.2621,0.0001,0.4194,0.001],[0.2947,0.2803,0,0.4249,5.3926e-06],[0.3222,0.2568,1.5742e-09,0.421,5.7992e-06],[0.309,0.2974,0.0066,0.387,3.6701e-07],[0.2914,0.2644,0.0034,0.4408,2.5238e-06],[0.2779,0.2568,1.6015e-11,0.4653,4.4892e-12],[0.3147,0.2702,0.0024,0.4124,0.0002],[0.3377,0.2619,6.7889e-06,0.4003,0],[0.3284,0.2647,0.0004,0.4065,0.0001],[0.3166,0.2576,1.9573e-06,0.4258,1.7213e-07],[0.3279,0.2766,0.0004,0.3951,0],[0.3231,0.2844,2.8801e-07,0.3922,0.0004],[0.3036,0.2568,0.0014,0.4381,2.6676e-06],[0.3223,0.3074,0.0013,0.3686,0.0004],[0.3219,0.2876,6.3081e-07,0.3905,1.6421e-07],[0.3208,0.2872,2.5715e-06,0.3919,1.1197e-06],[0.3251,0.2588,8.2987e-06,0.4161,2.7298e-08],[0.3393,0.2663,7.1799e-06,0.3943,0.0001],[0.317,0.2818,0.0001,0.4011,0],[0.3093,0.2875,0.0002,0.4031,1.1508e-06],[0.3219,0.2993,0.0001,0.3786,0.0001],[0.3591,0.2442,0.0003,0.3964,4.3223e-07],[0.2845,0.2966,0.0006,0.4183,0.0001],[0.3281,0.3002,4.4268e-09,0.3697,0.0021],[0.3312,0.3041,1.9905e-09,0.3647,1.0449e-11],[0.3282,0.3002,0.0001,0.3715,0],[0.2905,0.3174,4.7687e-06,0.392,9.3988e-06],[0.3313,0.2862,8.6307e-07,0.3824,0.0002],[0.3102,0.2751,0,0.4147,0],[0.3154,0.2857,0.0053,0.3899,0.0036],[0.3117,0.2736,0.0028,0.4114,0.0005],[0.3351,0.258,0,0.4067,0.0002],[0.315,0.2612,8.774e-09,0.4237,4.0593e-06],[0.3347,0.2771,0,0.3882,5.9729e-08],[0.3319,0.2335,0.0003,0.4342,0.0001],[0.2977,0.2626,0.0002,0.4395,0],[0.3076,0.2635,0.0022,0.4267,7.2228e-10],[0.3127,0.2723,0.0001,0.4146,0.0003],[0.3339,0.2607,0.0003,0.4052,9.8941e-06],[0.2901,0.2955,0.0065,0.401,0.0069],[0.3082,0.2448,0.0003,0.4467,9.0664e-07],[0.3303,0.2602,0.0017,0.4075,0.0003],[0.3441,0.2482,2.1335e-08,0.4078,3.2426e-09],[0.3101,0.2706,0.0003,0.4185,0.0005],[0.3136,0.2932,3.3016e-06,0.3932,6.2185e-06],[0.3216,0.2816,0.0001,0.3965,0.0001],[0.3055,0.2624,0,0.432,7.8555e-09],[0.3187,0.2677,9.1423e-18,0.4136,3.2736e-07],[0.3063,0.2774,5.9554e-16,0.4162,9.0824e-06],[0.3064,0.2388,0,0.45,0.0047],[0.3005,0.2592,1.6694e-09,0.4403,5.6463e-12],[0.2972,0.2577,0.0005,0.4443,0.0003],[0.3153,0.2584,0.0001,0.4251,0.0011],[0.3185,0.252,0.0005,0.429,0],[0.3406,0.2571,9.0032e-12,0.4023,7.1385e-07],[0.3654,0.255,0.0001,0.3795,0.0001],[0.2967,0.2681,0.0004,0.4347,0],[0.29,0.2696,5.4316e-12,0.4393,0.001],[0.3068,0.28,1.8089e-06,0.413,0.0003],[0.3196,0.2928,0.0001,0.3865,0.001],[0.3432,0.2732,0.0001,0.3831,0.0004],[0.3428,0.2776,0,0.3791,0.0004],[0.3063,0.252,0,0.4415,0.0002],[0.3466,0.2476,0,0.4045,0.0013],[0.3355,0.2728,0.0002,0.3913,0.0002],[0.3461,0.2398,0.0005,0.4119,0.0017],[0.3566,0.2881,2.6492e-07,0.3551,0.0001],[0.3248,0.2596,3.8717e-07,0.4156,2.4829e-06],[0.3338,0.2634,0.0023,0.3999,0.0007],[0.3216,0.2727,1.9666e-07,0.4053,0.0005],[0.3248,0.2563,0,0.4188,0],[0.306,0.2675,0.0013,0.4227,0.0026],[0.3248,0.2607,0.0003,0.4142,2.9066e-14],[0.3383,0.249,1.0167e-07,0.4127,3.5685e-07],[0.3102,0.2697,0.0001,0.42,5.2651e-06],[0.315,0.3058,6.2014e-06,0.3768,0.0024],[0.3656,0.2491,0.0001,0.3852,3.1811e-07],[0.2998,0.2998,0,0.4002,0.0002],[0.3078,0.3032,0.0015,0.385,0.0025],[0.3259,0.2437,0.0001,0.4299,0.0003],[0.2865,0.2724,0.0002,0.4409,6.969e-06],[0.32,0.2661,0.0051,0.4075,0.0013],[0.3327,0.2537,0.001,0.412,0.0006],[0.2876,0.2954,8.182e-07,0.4157,0.0013],[0.2615,0.288,0.0005,0.45,1.778e-08],[0.3084,0.2648,0,0.4267,1.477e-06],[0.2707,0.2927,0.001,0.4357,6.2517e-07],[0.3072,0.2589,0.0016,0.4324,2.9569e-08],[0.3105,0.3007,0.0006,0.3882,0],[0.2752,0.2957,0.0019,0.4272,2.2114e-08],[0.2808,0.2832,0.0001,0.4347,0.0012],[0.2908,0.2551,0.0002,0.4539,0],[0.3113,0.2672,0.0013,0.42,0.0003],[0.3023,0.2871,2.2799e-09,0.4106,1.1307e-06],[0.3458,0.2577,7.0562e-12,0.3964,0.0001],[0.3101,0.2753,0.0005,0.4137,0.0004],[0.3122,0.2697,1.4753e-10,0.4181,9.4508e-06],[0.3307,0.2507,0.0012,0.4173,0.0002],[0.3296,0.2429,6.418e-09,0.4272,0.0003],[0.311,0.273,0.0006,0.4155,0],[0.2877,0.2936,0.0024,0.4074,0.0089],[0.3115,0.2339,0.0003,0.4496,0.0047],[0.3268,0.2983,0.0009,0.3732,0.0007],[0.3275,0.2775,0.0003,0.3946,0],[0.3056,0.2476,0.0002,0.444,0.0025],[0.3044,0.2609,3.2966e-07,0.4339,0.0008],[0.3206,0.2708,0.0009,0.4075,0.0002],[0.3435,0.2456,0.0048,0.4062,0],[0.3303,0.2403,2.3458e-06,0.429,0.0004],[0.3222,0.2582,1.7311e-07,0.4195,0.0001],[0.3587,0.277,0,0.364,0.0003],[0.3109,0.2718,8.0536e-08,0.4167,0.0007],[0.3207,0.2337,0.0001,0.4455,6.5668e-13],[0.3083,0.2439,0.0004,0.4474,7.1117e-09],[0.3223,0.2712,0.0003,0.4062,0.0001],[0.3271,0.243,0.0003,0.4296,0],[0.3246,0.2898,5.1118e-07,0.3856,4.7267e-06],[0.3286,0.2488,1.1726e-09,0.4226,4.0033e-06],[0.308,0.2544,0.0005,0.437,5.5116e-07],[0.3185,0.2654,2.7103e-07,0.4161,0],[0.3021,0.3091,0,0.3874,0.0014],[0.3415,0.2472,8.9278e-06,0.4101,0.0012],[0.3521,0.2456,0.0008,0.4012,0.0003],[0.333,0.2265,0.0059,0.4345,0],[0.3195,0.3014,0.0009,0.3782,3.2326e-09],[0.3271,0.258,0.0001,0.4142,0.0005],[0.3253,0.2862,0.0009,0.3875,0],[0.3052,0.2594,1.9375e-06,0.4351,0.0002],[0.361,0.2422,0.0003,0.3966,1.2248e-07],[0.3285,0.2864,0,0.3852,2.8741e-06],[0.2983,0.3043,0.0043,0.3928,0.0003],[0.3406,0.2606,9.3072e-06,0.3986,0.0002],[0.3111,0.2793,0,0.4096,2.5524e-06],[0.3317,0.2885,0.0002,0.3796,2.7411e-07],[0.3137,0.2756,5.9994e-10,0.4108,4.6205e-07],[0.2932,0.2335,0.0005,0.4729,3.1416e-09],[0.331,0.245,0.0011,0.4229,2.0379e-06],[0.3261,0.2326,0.0021,0.4392,3.8769e-06],[0.324,0.2413,0.0047,0.4301,1.1297e-06],[0.2988,0.2662,0.0007,0.4344,1.4782e-08],[0.3264,0.2443,0,0.4293,2.9815e-08],[0.3248,0.295,9.4167e-09,0.3801,1.6543e-07],[0.2898,0.2582,5.5708e-08,0.4519,1.978e-06],[0.2919,0.2792,0.0002,0.4286,0.0001],[0.328,0.2602,0.002,0.4098,0.0001],[0.3897,0.2512,0.0001,0.3588,0.0002],[0.3054,0.2758,1.4717e-06,0.4187,1.2999e-07],[0.3193,0.2695,0.0009,0.4101,0.0002],[0.271,0.3434,4.8601e-06,0.3855,0.0001],[0.3479,0.2223,0,0.4297,0.0001],[0.3376,0.2268,0.0019,0.4337,1.6423e-06],[0